    0.0000    0.0000    0.0000    0.0000    0.0000    0.0000    0.0000    0.0000    0.0000    0.0186    0.9813         0 
    0.0000    0.0000    0.0000    0.0002    0.0000    0.0000    0.0000    0.0000    0.0000    0.0235    0.9762         0 
    0.0000    0.0000    0.0000    0.0001    0.0000    0.0001    0.0000    0.0000    0.0000    0.0259    0.9738         0 
    0.0000    0.0000    0.0000    0.0002    0.0001    0.0001    0.0000    0.0000    0.0000    0.0253    0.9742         0 
    0.0000    0.0000    0.0000    0.0002    0.0001    0.0001    0.0000    0.0000    0.0000    0.0233    0.9762         0 
    0.0000    0.0000    0.0000    0.0000    0.0000    0.0000    0.0000    0.0000    0.0000    0.0208    0.9791         0 
    0.0000    0.0000    0.0000    0.0000    0.0000    0.0000    0.0000    0.0000    0.0000    0.0209    0.9790         0 
    0.0000    0.0000    0.0000    0.0001    0.0000    0.0000    0.0000    0.0000    0.0000    0.0193    0.9805         0 
    0.0000    0.0000    0.0000    0.0001    0.0000    0.0001    0.0000    0.0000    0.0000    0.0159    0.9838         0 
    0.0000    0.0000    0.0000    0.0000    0.0000    0.0000    0.0000    0.0000    0.0000    0.0132    0.9868         0 
    0.0000    0.0000    0.0000    0.0000    0.0000    0.0001    0.0000    0.0000    0.0000    0.0183    0.9815         0 
    0.0000    0.0000    0.0000    0.0002    0.0000    0.0002    0.0000    0.0000    0.0000    0.0185    0.9811         0 
    0.0000    0.0000    0.0000    0.0001    0.0000    0.0002    0.0000    0.0000    0.0000    0.0139    0.9858         0 
    0.0000    0.0000    0.0000    0.0000    0.0000    0.0000    0.0000    0.0000    0.0000    0.0123    0.9877         0 
    0.0000    0.0000    0.0000    0.0000    0.0000    0.0000    0.0000    0.0000    0.0000    0.0137    0.9863         0 
    0.0000    0.0000    0.0000    0.0000    0.0000    0.0000    0.0000    0.0000    0.0000    0.0137    0.9863         0 
    0.0000    0.0000    0.0000    0.0000    0.0000    0.0000    0.0000    0.0000    0.0000    0.0140    0.9860         0 
    0.0000    0.0000    0.0000    0.0000    0.0000    0.0000    0.0000    0.0000    0.0000    0.0123    0.9877         0 
    0.0000    0.0000    0.0000    0.0000    0.0000    0.0000    0.0000    0.0000    0.0000    0.0125    0.9874         0 
    0.0000    0.0000    0.0000    0.0000    0.0000    0.0000    0.0000    0.0000    0.0000    0.0130    0.9870         0 
    0.0000    0.0000    0.0000    0.0000    0.0000    0.0000    0.0000    0.0000    0.0000    0.0113    0.9886         0 
    0.0000    0.0000    0.0000    0.0000    0.0000    0.0000    0.0000    0.0000    0.0000    0.0101    0.9898         0 
    0.0000    0.0000    0.0000    0.0000    0.0000    0.0000    0.0000    0.0000    0.0000    0.0100    0.9899         0 
    0.0000    0.0000    0.0000    0.0000    0.0000    0.0000    0.0000    0.0000    0.0000    0.0105    0.9894         0 
    0.0000    0.0000    0.0000    0.0000    0.0000    0.0000    0.0000    0.0000    0.0000    0.0114    0.9886         0 
    0.0000    0.0000    0.0000    0.0000    0.0000    0.0000    0.0000    0.0000    0.0000    0.0121    0.9879         0 
    0.0000    0.0000    0.0000    0.0000    0.0000    0.0000    0.0000    0.0000    0.0000    0.0116    0.9884         0 
    0.0000    0.0000    0.0000    0.0000    0.0000    0.0000    0.0000    0.0000    0.0000    0.0098    0.9902         0 
    0.0000    0.0000    0.0000    0.0001    0.0000    0.0000    0.0000    0.0000    0.0000    0.0114    0.9885         0 
    0.0000    0.0000    0.0000    0.0002    0.0000    0.0001    0.0000    0.0000    0.0000    0.0306    0.9690         0 
    0.0000    0.0000    0.0000    0.0004    0.0001    0.0001    0.0000    0.0000    0.0000    0.0478    0.9515         0 
    0.0000    0.0000    0.0000    0.0003    0.0001    0.0001    0.0000    0.0000    0.0000    0.0350    0.9644         0 
    0.0000    0.0000    0.0000    0.0001    0.0000    0.0000    0.0000    0.0000    0.0000    0.0209    0.9789         0 
    0.0000    0.0000    0.0000    0.0001    0.0000    0.0000    0.0000    0.0000    0.0000    0.0226    0.9773         0 
    0.0000    0.0000    0.0000    0.0006    0.0002    0.0002    0.0000    0.0000    0.0000    0.0438    0.9552         0 
    0.0000    0.0000    0.0000    0.0004    0.0003    0.0002    0.0000    0.0000    0.0000    0.0541    0.9449         0 
    0.0000    0.0000    0.0000    0.0000    0.0000    0.0001    0.0000    0.0000    0.0000    0.0355    0.9644         0 
    0.0000    0.0000    0.0000    0.0000    0.0000    0.0000    0.0000    0.0000    0.0000    0.0353    0.9647         0 
    0.0000    0.0000    0.0000    0.0000    0.0000    0.0000    0.0000    0.0000    0.0000    0.0347    0.9652         0 
    0.0000    0.0000    0.0000    0.0000    0.0000    0.0000    0.0000    0.0000    0.0000    0.0328    0.9672         0 
    0.0000    0.0000    0.0000    0.0000    0.0000    0.0000    0.0000    0.0000    0.0000    0.0323    0.9676         0 
    0.0000    0.0000    0.0000    0.0002    0.0002    0.0002    0.0000    0.0000    0.0000    0.0322    0.9671         0 
    0.0000    0.0000    0.0000    0.0003    0.0002    0.0001    0.0000    0.0000    0.0000    0.0224    0.9770         0 
    0.0000    0.0000    0.0000    0.0001    0.0000    0.0000    0.0000    0.0000    0.0000    0.0150    0.9849         0 
    0.0000    0.0000    0.0000    0.0000    0.0000    0.0000    0.0000    0.0000    0.0000    0.0197    0.9803         0 
    0.0000    0.0000    0.0000    0.0000    0.0000    0.0000    0.0000    0.0000    0.0000    0.0219    0.9781         0 
    0.0000    0.0000    0.0000    0.0000    0.0000    0.0000    0.0000    0.0000    0.0000    0.0195    0.9805         0 
    0.0000    0.0000    0.0000    0.0000    0.0000    0.0000    0.0000    0.0000    0.0000    0.0205    0.9794         0 
    0.0000    0.0000    0.0000    0.0000    0.0000    0.0000    0.0000    0.0000    0.0000    0.0209    0.9790         0 
    0.0000    0.0000    0.0000    0.0000    0.0000    0.0000    0.0000    0.0000    0.0000    0.0171    0.9829         0 
    0.0000    0.0000    0.0000    0.0000    0.0000    0.0000    0.0000    0.0000    0.0000    0.0158    0.9842         0 
    0.0000    0.0000    0.0000    0.0000    0.0000    0.0000    0.0000    0.0000    0.0000    0.0157    0.9843         0 
    0.0000    0.0000    0.0000    0.0000    0.0000    0.0000    0.0000    0.0000    0.0000    0.0151    0.9849         0 
    0.0000    0.0000    0.0000    0.0001    0.0000    0.0000    0.0000    0.0000    0.0000    0.0168    0.9831         0 
    0.0000    0.0000    0.0000    0.0001    0.0000    0.0000    0.0000    0.0000    0.0000    0.0161    0.9837         0 
    0.0000    0.0000    0.0000    0.0000    0.0000    0.0000    0.0000    0.0000    0.0000    0.0152    0.9848         0 
    0.0000    0.0000    0.0000    0.0000    0.0000    0.0000    0.0000    0.0000    0.0000    0.0178    0.9822         0 
    0.0000    0.0000    0.0000    0.0000    0.0000    0.0000    0.0000    0.0000    0.0000    0.0174    0.9825         0 
    0.0000    0.0000    0.0000    0.0000    0.0000    0.0000    0.0000    0.0000    0.0000    0.0156    0.9844         0 
    0.0000    0.0000    0.0000    0.0000    0.0000    0.0000    0.0000    0.0000    0.0000    0.0140    0.9860         0 
    0.0000    0.0000    0.0000    0.0000    0.0000    0.0000    0.0000    0.0000    0.0000    0.0152    0.9848         0 
    0.0000    0.0000    0.0000    0.0003    0.0003    0.0001    0.0000    0.0000    0.0000    0.0260    0.9732         0 
    0.0000    0.0000    0.0000    0.0006    0.0006    0.0003    0.0000    0.0000    0.0000    0.0353    0.9632         0 
    0.0000    0.0000    0.0000    0.0007    0.0004    0.0004    0.0000    0.0000    0.0000    0.0330    0.9655         0 
    0.0000    0.0000    0.0000    0.0005    0.0004    0.0002    0.0000    0.0000    0.0000    0.0417    0.9573         0 
    0.0000    0.0000    0.0000    0.0003    0.0003    0.0001    0.0000    0.0000    0.0000    0.0228    0.9764         0 
    0.0000    0.0000    0.0000    0.0001    0.0000    0.0000    0.0000    0.0000    0.0000    0.0159    0.9839         0 
    0.0000    0.0000    0.0000    0.0003    0.0001    0.0005    0.0000    0.0000    0.0000    0.0237    0.9754         0 
    0.0000    0.0000    0.0000    0.0000    0.0000    0.0001    0.0000    0.0000    0.0000    0.0194    0.9805         0 
    0.0000    0.0000    0.0000    0.0000    0.0000    0.0001    0.0000    0.0000    0.0000    0.0120    0.9879         0 
    0.0000    0.0000    0.0000    0.0000    0.0000    0.0000    0.0000    0.0000    0.0000    0.0104    0.9895         0 
    0.0000    0.0000    0.0000    0.0000    0.0000    0.0000    0.0000    0.0000    0.0000    0.0094    0.9905         0 
    0.0000    0.0000    0.0000    0.0000    0.0000    0.0000    0.0000    0.0000    0.0000    0.0072    0.9927         0 
    0.0000    0.0000    0.0000    0.0000    0.0000    0.0000    0.0000    0.0000    0.0000    0.0062    0.9938         0 
    0.0000    0.0000    0.0000    0.0000    0.0000    0.0000    0.0000    0.0000    0.0000    0.0068    0.9932         0 
    0.0000    0.0000    0.0000    0.0000    0.0000    0.0000    0.0000    0.0000    0.0000    0.0060    0.9939         0 
    0.0000    0.0000    0.0000    0.0001    0.0000    0.0001    0.0000    0.0000    0.0000    0.0067    0.9931         0 
    0.0000    0.0000    0.0000    0.0002    0.0001    0.0002    0.0000    0.0000    0.0000    0.0119    0.9875         0 
    0.0000    0.0000    0.0000    0.0005    0.0002    0.0006    0.0000    0.0000    0.0000    0.0218    0.9768         0 
    0.0000    0.0000    0.0000    0.0004    0.0001    0.0005    0.0000    0.0000    0.0000    0.0257    0.9732         0 
    0.0000    0.0000    0.0000    0.0000    0.0000    0.0000    0.0000    0.0000    0.0000    0.0187    0.9812         0 
    0.0000    0.0000    0.0000    0.0000    0.0000    0.0001    0.0000    0.0000    0.0000    0.0184    0.9814         0 
    0.0000    0.0000    0.0000    0.0001    0.0000    0.0001    0.0000    0.0000    0.0000    0.0136    0.9861         0 
    0.0000    0.0000    0.0000    0.0000    0.0000    0.0000    0.0000    0.0000    0.0000    0.0111    0.9889         0 
    0.0000    0.0000    0.0000    0.0000    0.0000    0.0000    0.0000    0.0000    0.0000    0.0106    0.9893         0 
    0.0000    0.0000    0.0000    0.0000    0.0000    0.0000    0.0000    0.0000    0.0000    0.0110    0.9890         0 
    0.0000    0.0000    0.0000    0.0000    0.0000    0.0000    0.0000    0.0000    0.0000    0.0084    0.9915         0 
    0.0000    0.0000    0.0000    0.0000    0.0000    0.0000    0.0000    0.0000    0.0000    0.0050    0.9949         0 
    0.0000    0.0000    0.0000    0.0000    0.0000    0.0000    0.0000    0.0000    0.0000    0.0048    0.9952         0 
    0.0000    0.0000    0.0000    0.0000    0.0000    0.0000    0.0000    0.0000    0.0000    0.0050    0.9949         0 
    0.0000    0.0000    0.0000    0.0000    0.0000    0.0000    0.0000    0.0000    0.0000    0.0045    0.9954         0 
    0.0000    0.0000    0.0000    0.0000    0.0000    0.0000    0.0000    0.0000    0.0000    0.0043    0.9957         0 
    0.0000    0.0000    0.0000    0.0000    0.0000    0.0000    0.0000    0.0000    0.0000    0.0053    0.9947         0 
    0.0000    0.0000    0.0000    0.0000    0.0000    0.0001    0.0000    0.0000    0.0000    0.0088    0.9910         0 
    0.0000    0.0000    0.0000    0.0000    0.0000    0.0000    0.0000    0.0000    0.0000    0.0081    0.9918         0 
    0.0000    0.0000    0.0000    0.0000    0.0000    0.0001    0.0000    0.0000    0.0000    0.0049    0.9949         0 
    0.0000    0.0000    0.0000    0.0000    0.0000    0.0000    0.0000    0.0000    0.0000    0.0052    0.9947         0 
    0.0000    0.0000    0.0000    0.0000    0.0000    0.0001    0.0000    0.0000    0.0000    0.0062    0.9936         0 
    0.0000    0.0000    0.0000    0.0000    0.0000    0.0001    0.0000    0.0000    0.0000    0.0088    0.9910         0 
    0.0000    0.0000    0.0000    0.0000    0.0000    0.0000    0.0000    0.0000    0.0000    0.0102    0.9898         0 
    0.0000    0.0000    0.0000    0.0000    0.0000    0.0000    0.0000    0.0000    0.0000    0.0091    0.9909         0 
    0.0000    0.0000    0.0000    0.0000    0.0000    0.0000    0.0000    0.0000    0.0000    0.0085    0.9915         0 
    0.0000    0.0000    0.0000    0.0000    0.0000    0.0000    0.0000    0.0000    0.0000    0.0077    0.9922         0 
    0.0000    0.0000    0.0000    0.0000    0.0000    0.0000    0.0000    0.0000    0.0000    0.0070    0.9929         0 
    0.0000    0.0000    0.0000    0.0000    0.0000    0.0000    0.0000    0.0000    0.0000    0.0046    0.9953         0 
    0.0000    0.0000    0.0000    0.0000    0.0000    0.0000    0.0000    0.0000    0.0000    0.0055    0.9944         0 
    0.0000    0.0000    0.0000    0.0000    0.0000    0.0000    0.0000    0.0000    0.0000    0.0065    0.9935         0 
    0.0000    0.0000    0.0000    0.0000    0.0000    0.0000    0.0000    0.0000    0.0000    0.0049    0.9950         0 
    0.0000    0.0000    0.0000    0.0000    0.0000    0.0000    0.0000    0.0000    0.0000    0.0047    0.9952         0 
    0.0000    0.0000    0.0000    0.0000    0.0000    0.0000    0.0000    0.0000    0.0000    0.0043    0.9957         0 
    0.0000    0.0000    0.0000    0.0000    0.0000    0.0001    0.0000    0.0000    0.0000    0.0059    0.9939         0 
    0.0000    0.0000    0.0000    0.0000    0.0000    0.0001    0.0000    0.0000    0.0000    0.0081    0.9917         0 
    0.0000    0.0000    0.0000    0.0000    0.0000    0.0001    0.0000    0.0000    0.0000    0.0074    0.9925         0 
    0.0000    0.0000    0.0000    0.0000    0.0000    0.0001    0.0000    0.0000    0.0000    0.0079    0.9920         0 
    0.0000    0.0000    0.0000    0.0000    0.0000    0.0000    0.0000    0.0000    0.0000    0.0091    0.9909         0 
    0.0000    0.0000    0.0000    0.0000    0.0000    0.0000    0.0000    0.0000    0.0000    0.0082    0.9918         0 
    0.0000    0.0000    0.0000    0.0000    0.0000    0.0000    0.0000    0.0000    0.0000    0.0075    0.9924         0 
    0.0000    0.0000    0.0000    0.0000    0.0000    0.0000    0.0000    0.0000    0.0000    0.0072    0.9928         0 
    0.0000    0.0000    0.0000    0.0000    0.0000    0.0000    0.0000    0.0000    0.0000    0.0071    0.9929         0 
    0.0000    0.0000    0.0000    0.0000    0.0000    0.0000    0.0000    0.0000    0.0000    0.0070    0.9930         0 
    0.0000    0.0000    0.0000    0.0000    0.0000    0.0000    0.0000    0.0000    0.0000    0.0078    0.9922         0 
    0.0000    0.0000    0.0000    0.0000    0.0000    0.0000    0.0000    0.0000    0.0000    0.0084    0.9916         0 
    0.0000    0.0000    0.0000    0.0000    0.0000    0.0000    0.0000    0.0000    0.0000    0.0077    0.9922         0 
    0.0000    0.0000    0.0000    0.0000    0.0000    0.0000    0.0000    0.0000    0.0000    0.0084    0.9915         0 
    0.0000    0.0000    0.0000    0.0000    0.0000    0.0000    0.0000    0.0000    0.0000    0.0078    0.9921         0 
    0.0000    0.0000    0.0000    0.0000    0.0000    0.0000    0.0000    0.0000    0.0000    0.0055    0.9945         0 
    0.0000    0.0000    0.0000    0.0000    0.0000    0.0000    0.0000    0.0000    0.0000    0.0048    0.9952         0 
    0.0000    0.0000    0.0000    0.0000    0.0000    0.0000    0.0000    0.0000    0.0000    0.0064    0.9935         0 
    0.0000    0.0000    0.0000    0.0000    0.0000    0.0000    0.0000    0.0000    0.0000    0.0069    0.9931         0 
    0.0000    0.0000    0.0000    0.0000    0.0000    0.0000    0.0000    0.0000    0.0000    0.0062    0.9937         0 
    0.0000    0.0000    0.0000    0.0000    0.0000    0.0000    0.0000    0.0000    0.0000    0.0068    0.9932         0 
    0.0000    0.0000    0.0000    0.0000    0.0000    0.0000    0.0000    0.0000    0.0000    0.0061    0.9938         0 
    0.0000    0.0000    0.0000    0.0000    0.0000    0.0000    0.0000    0.0000    0.0000    0.0055    0.9944         0 
    0.0000    0.0000    0.0000    0.0000    0.0000    0.0000    0.0000    0.0000    0.0000    0.0048    0.9952         0 
    0.0000    0.0000    0.0000    0.0000    0.0000    0.0000    0.0000    0.0000    0.0000    0.0044    0.9955         0 
    0.0000    0.0000    0.0000    0.0000    0.0000    0.0000    0.0000    0.0000    0.0000    0.0054    0.9945         0 
    0.0000    0.0000    0.0000    0.0000    0.0000    0.0000    0.0000    0.0000    0.0000    0.0070    0.9929         0 
    0.0000    0.0000    0.0000    0.0000    0.0000    0.0000    0.0000    0.0000    0.0000    0.0060    0.9939         0 
    0.0000    0.0000    0.0000    0.0000    0.0000    0.0000    0.0000    0.0000    0.0000    0.0048    0.9952         0 
    0.0000    0.0000    0.0000    0.0000    0.0000    0.0000    0.0000    0.0000    0.0000    0.0050    0.9950         0 
    0.0000    0.0000    0.0000    0.0000    0.0000    0.0001    0.0000    0.0000    0.0000    0.0058    0.9940         0 
    0.0000    0.0000    0.0000    0.0001    0.0000    0.0001    0.0000    0.0000    0.0000    0.0085    0.9912         0 
    0.0000    0.0000    0.0000    0.0003    0.0001    0.0002    0.0000    0.0000    0.0000    0.0231    0.9762         0 
    0.0000    0.0000    0.0000    0.0003    0.0001    0.0002    0.0000    0.0000    0.0000    0.0168    0.9825         0 
    0.0000    0.0000    0.0000    0.0000    0.0000    0.0000    0.0000    0.0000    0.0000    0.0057    0.9942         0 
    0.0000    0.0000    0.0000    0.0000    0.0000    0.0000    0.0000    0.0000    0.0000    0.0048    0.9952         0 
    0.0000    0.0000    0.0000    0.0000    0.0000    0.0000    0.0000    0.0000    0.0000    0.0046    0.9954         0 
    0.0000    0.0000    0.0000    0.0000    0.0000    0.0000    0.0000    0.0000    0.0000    0.0045    0.9954         0 
    0.0000    0.0000    0.0000    0.0001    0.0000    0.0001    0.0000    0.0000    0.0000    0.0084    0.9914         0 
    0.0000    0.0000    0.0000    0.0001    0.0000    0.0001    0.0000    0.0000    0.0000    0.0080    0.9917         0 
    0.0000    0.0000    0.0000    0.0000    0.0000    0.0000    0.0000    0.0000    0.0000    0.0055    0.9945         0 
    0.0000    0.0000    0.0000    0.0000    0.0000    0.0000    0.0000    0.0000    0.0000    0.0068    0.9931         0 
    0.0000    0.0000    0.0000    0.0001    0.0000    0.0000    0.0000    0.0000    0.0000    0.0071    0.9928         0 
    0.0000    0.0000    0.0000    0.0000    0.0000    0.0000    0.0000    0.0000    0.0000    0.0076    0.9923         0 
    0.0000    0.0000    0.0000    0.0000    0.0000    0.0000    0.0000    0.0000    0.0000    0.0107    0.9893         0 
    0.0000    0.0000    0.0000    0.0000    0.0000    0.0000    0.0000    0.0000    0.0000    0.0119    0.9880         0 
    0.0000    0.0000    0.0000    0.0000    0.0000    0.0000    0.0000    0.0000    0.0000    0.0135    0.9864         0 
    0.0000    0.0000    0.0000    0.0000    0.0000    0.0000    0.0000    0.0000    0.0000    0.0135    0.9865         0 
    0.0000    0.0000    0.0000    0.0000    0.0000    0.0000    0.0000    0.0000    0.0000    0.0145    0.9854         0 
    0.0000    0.0000    0.0000    0.0000    0.0000    0.0000    0.0000    0.0000    0.0000    0.0152    0.9848         0 
    0.0000    0.0000    0.0000    0.0000    0.0000    0.0000    0.0000    0.0000    0.0000    0.0156    0.9844         0 
    0.0000    0.0000    0.0000    0.0000    0.0000    0.0001    0.0000    0.0000    0.0000    0.0319    0.9679         0 
    0.0000    0.0000    0.0000    0.0002    0.0000    0.0002    0.0000    0.0000    0.0000    0.0445    0.9551         0 
    0.0000    0.0000    0.0000    0.0006    0.0004    0.0002    0.0000    0.0000    0.0000    0.0531    0.9456         0 
    0.0000    0.0000    0.0000    0.0012    0.0006    0.0005    0.0000    0.0000    0.0000    0.0932    0.9045         0 
    0.0000    0.0000    0.0000    0.0013    0.0005    0.0010    0.0000    0.0000    0.0000    0.1147    0.8825         0 
    0.0000    0.0000    0.0000    0.0008    0.0004    0.0008    0.0000    0.0000    0.0000    0.1686    0.8293         0 
    0.0000    0.0000    0.0000    0.0003    0.0002    0.0004    0.0000    0.0000    0.0000    0.2606    0.7384         0 
    0.0000    0.0000    0.0000    0.0002    0.0001    0.0002    0.0000    0.0000    0.0000    0.2743    0.7252         0 
    0.0000    0.0000    0.0000    0.0005    0.0001    0.0002    0.0000    0.0000    0.0000    0.1939    0.8053         0 
    0.0000    0.0000    0.0000    0.0005    0.0002    0.0003    0.0000    0.0000    0.0000    0.0961    0.9030         0 
    0.0000    0.0000    0.0000    0.0003    0.0001    0.0001    0.0000    0.0000    0.0000    0.0744    0.9251         0 
    0.0000    0.0000    0.0000    0.0004    0.0001    0.0002    0.0000    0.0000    0.0000    0.1223    0.8769         0 
    0.0000    0.0000    0.0000    0.0002    0.0000    0.0002    0.0000    0.0000    0.0000    0.1723    0.8272         0 
    0.0000    0.0000    0.0000    0.0002    0.0000    0.0002    0.0000    0.0000    0.0000    0.2352    0.7643         0 
    0.0000    0.0000    0.0000    0.0008    0.0003    0.0006    0.0000    0.0000    0.0000    0.2234    0.7749         0 
    0.0000    0.0000    0.0000    0.0010    0.0008    0.0007    0.0000    0.0000    0.0000    0.1248    0.8727         0 
    0.0000    0.0000    0.0000    0.0019    0.0022    0.0013    0.0000    0.0000    0.0000    0.1722    0.8224         0 
    0.0000    0.0000    0.0000    0.0018    0.0018    0.0011    0.0000    0.0000    0.0000    0.1814    0.8138         0 
    0.0000    0.0000    0.0000    0.0003    0.0001    0.0004    0.0000    0.0000    0.0000    0.1488    0.8503         0 
    0.0000    0.0000    0.0000    0.0004    0.0003    0.0007    0.0000    0.0000    0.0000    0.1359    0.8627         0 
    0.0000    0.0000    0.0000    0.0004    0.0003    0.0006    0.0000    0.0000    0.0000    0.0758    0.9229         0 
    0.0000    0.0000    0.0000    0.0000    0.0000    0.0000    0.0000    0.0000    0.0000    0.0534    0.9466         0 
    0.0000    0.0000    0.0000    0.0000    0.0000    0.0000    0.0000    0.0000    0.0000    0.0650    0.9350         0 
    0.0000    0.0000    0.0000    0.0002    0.0002    0.0001    0.0000    0.0000    0.0000    0.0797    0.9198         0 
    0.0000    0.0000    0.0000    0.0007    0.0004    0.0003    0.0000    0.0000    0.0000    0.1764    0.8222         0 
    0.0000    0.0000    0.0000    0.0008    0.0003    0.0004    0.0000    0.0000    0.0000    0.2762    0.7223         0 
    0.0000    0.0000    0.0000    0.0006    0.0001    0.0002    0.0000    0.0000    0.0000    0.2909    0.7082         0 
    0.0000    0.0000    0.0000    0.0008    0.0002    0.0005    0.0000    0.0000    0.0000    0.1819    0.8167         0 
    0.0000    0.0000    0.0000    0.0003    0.0001    0.0004    0.0000    0.0000    0.0000    0.0976    0.9016         0 
    0.0000    0.0000    0.0000    0.0002    0.0001    0.0002    0.0000    0.0000    0.0000    0.0990    0.9004         0 
    0.0000    0.0000    0.0000    0.0003    0.0001    0.0004    0.0000    0.0000    0.0000    0.1218    0.8773         0 
    0.0000    0.0000    0.0000    0.0008    0.0005    0.0007    0.0000    0.0000    0.0000    0.2491    0.7489         0 
    0.0000    0.0000    0.0000    0.0017    0.0005    0.0009    0.0000    0.0000    0.0000    0.3411    0.6558         0 
    0.0000    0.0000    0.0000    0.0015    0.0003    0.0006    0.0000    0.0000    0.0000    0.4127    0.5848         0 
    0.0000    0.0000    0.0000    0.0003    0.0001    0.0002    0.0000    0.0000    0.0000    0.5531    0.4464         0 
    0.0000    0.0000    0.0000    0.0005    0.0004    0.0004    0.0000    0.0000    0.0000    0.7472    0.2515         0 
    0.0000    0.0000    0.0000    0.0003    0.0003    0.0004    0.0000    0.0000    0.0000    0.7909    0.2082         0 
    0.0000    0.0000    0.0000    0.0011    0.0003    0.0003    0.0000    0.0000    0.0000    0.5681    0.4301         0 
    0.0000    0.0000    0.0000    0.0014    0.0005    0.0006    0.0000    0.0000    0.0000    0.1988    0.7988         0 
    0.0000    0.0000    0.0000    0.0003    0.0002    0.0003    0.0000    0.0000    0.0000    0.0698    0.9293         0 
    0.0000    0.0000    0.0000    0.0002    0.0000    0.0000    0.0000    0.0000    0.0000    0.0745    0.9253         0 
    0.0000    0.0000    0.0000    0.0012    0.0004    0.0005    0.0000    0.0000    0.0000    0.1936    0.8043         0 
    0.0000    0.0000    0.0000    0.0015    0.0025    0.0017    0.0000    0.0000    0.0000    0.3052    0.6890         0 
    0.0000    0.0000    0.0000    0.0012    0.0020    0.0017    0.0000    0.0000    0.0000    0.3910    0.6042         0 
    0.0000    0.0000    0.0000    0.0014    0.0008    0.0008    0.0000    0.0000    0.0000    0.2743    0.7228         0 
    0.0000    0.0000    0.0000    0.0007    0.0003    0.0005    0.0000    0.0000    0.0000    0.1695    0.8290         0 
    0.0000    0.0000    0.0000    0.0004    0.0001    0.0002    0.0000    0.0000    0.0000    0.2061    0.7932         0 
    0.0000    0.0000    0.0000    0.0005    0.0002    0.0005    0.0000    0.0000    0.0000    0.2364    0.7624         0 
    0.0000    0.0000    0.0000    0.0012    0.0008    0.0011    0.0000    0.0000    0.0000    0.2081    0.7888         0 
    0.0000    0.0000    0.0000    0.0006    0.0007    0.0006    0.0000    0.0000    0.0000    0.2095    0.7887         0 
    0.0000    0.0000    0.0000    0.0008    0.0003    0.0003    0.0000    0.0000    0.0000    0.1747    0.8238         0 
    0.0000    0.0000    0.0000    0.0004    0.0002    0.0001    0.0000    0.0000    0.0000    0.1334    0.8659         0 
    0.0000    0.0000    0.0000    0.0000    0.0000    0.0000    0.0000    0.0000    0.0000    0.1399    0.8600         0 
    0.0000    0.0000    0.0000    0.0009    0.0015    0.0006    0.0000    0.0000    0.0000    0.1670    0.8300         0 
    0.0000    0.0000    0.0000    0.0009    0.0013    0.0007    0.0000    0.0000    0.0000    0.2870    0.7101         0 
    0.0000    0.0000    0.0000    0.0002    0.0001    0.0003    0.0000    0.0000    0.0000    0.3549    0.6445         0 
    0.0000    0.0000    0.0000    0.0001    0.0000    0.0000    0.0000    0.0000    0.0000    0.3931    0.6068         0 
    0.0000    0.0000    0.0000    0.0000    0.0000    0.0000    0.0000    0.0000    0.0000    0.3961    0.6038         0 
    0.0000    0.0000    0.0000    0.0001    0.0000    0.0003    0.0000    0.0000    0.0000    0.3666    0.6331         0 
    0.0000    0.0000    0.0000    0.0005    0.0001    0.0004    0.0000    0.0000    0.0000    0.2842    0.7149         0 
    0.0000    0.0000    0.0000    0.0004    0.0001    0.0003    0.0000    0.0000    0.0000    0.2364    0.7627         0 
    0.0000    0.0000    0.0000    0.0002    0.0000    0.0001    0.0000    0.0000    0.0000    0.3038    0.6958         0 
    0.0000    0.0000    0.0000    0.0000    0.0000    0.0000    0.0000    0.0000    0.0000    0.3467    0.6533         0 
    0.0000    0.0000    0.0000    0.0001    0.0000    0.0001    0.0000    0.0000    0.0000    0.3462    0.6536         0 
    0.0000    0.0000    0.0000    0.0008    0.0003    0.0004    0.0000    0.0000    0.0000    0.3319    0.6666         0 
    0.0000    0.0000    0.0000    0.0007    0.0005    0.0004    0.0000    0.0000    0.0000    0.4663    0.5321         0 
    0.0000    0.0000    0.0000    0.0003    0.0002    0.0002    0.0000    0.0000    0.0000    0.5920    0.4072         0 
    0.0000    0.0000    0.0000    0.0001    0.0001    0.0001    0.0000    0.0000    0.0000    0.5886    0.4110         0 
    0.0000    0.0000    0.0000    0.0000    0.0000    0.0000    0.0000    0.0000    0.0000    0.5851    0.4149         0 
    0.0000    0.0000    0.0000    0.0001    0.0000    0.0002    0.0000    0.0000    0.0000    0.5584    0.4413         0 
    0.0000    0.0000    0.0000    0.0004    0.0002    0.0005    0.0000    0.0000    0.0000    0.4655    0.5334         0 
    0.0000    0.0000    0.0000    0.0010    0.0012    0.0015    0.0000    0.0000    0.0000    0.3055    0.6908         0 
    0.0000    0.0000    0.0000    0.0019    0.0019    0.0020    0.0000    0.0000    0.0000    0.2960    0.6983         0 
    0.0000    0.0000    0.0000    0.0011    0.0012    0.0010    0.0000    0.0000    0.0000    0.3135    0.6832         0 
    0.0000    0.0000    0.0000    0.0008    0.0011    0.0005    0.0000    0.0000    0.0000    0.3134    0.6841         0 
    0.0000    0.0000    0.0000    0.0013    0.0011    0.0006    0.0000    0.0000    0.0000    0.3819    0.6152         0 
    0.0000    0.0000    0.0000    0.0007    0.0004    0.0003    0.0000    0.0000    0.0000    0.4279    0.5707         0 
    0.0000    0.0000    0.0000    0.0001    0.0002    0.0002    0.0000    0.0000    0.0000    0.3932    0.6063         0 
    0.0000    0.0000    0.0000    0.0000    0.0000    0.0000    0.0000    0.0000    0.0000    0.3461    0.6539         0 
    0.0000    0.0000    0.0000    0.0019    0.0006    0.0014    0.0000    0.0000    0.0000    0.2912    0.7049         0 
    0.0000    0.0000    0.0000    0.0020    0.0008    0.0017    0.0000    0.0000    0.0000    0.1752    0.8203         0 
    0.0000    0.0000    0.0000    0.0001    0.0001    0.0002    0.0000    0.0000    0.0000    0.0959    0.9037         0 
    0.0000    0.0000    0.0000    0.0008    0.0006    0.0004    0.0000    0.0000    0.0000    0.1919    0.8064         0 
    0.0000    0.0000    0.0000    0.0014    0.0005    0.0004    0.0000    0.0000    0.0000    0.2121    0.7855         0 
    0.0000    0.0000    0.0000    0.0009    0.0001    0.0002    0.0000    0.0000    0.0000    0.1351    0.8637         0 
    0.0000    0.0000    0.0000    0.0000    0.0000    0.0000    0.0000    0.0000    0.0000    0.0857    0.9143         0 
    0.0000    0.0000    0.0000    0.0000    0.0000    0.0000    0.0000    0.0000    0.0000    0.0848    0.9152         0 
    0.0000    0.0000    0.0000    0.0001    0.0000    0.0000    0.0000    0.0000    0.0000    0.0798    0.9201         0 
    0.0000    0.0000    0.0000    0.0004    0.0004    0.0003    0.0000    0.0000    0.0000    0.1279    0.8709         0 
    0.0000    0.0000    0.0000    0.0006    0.0004    0.0003    0.0000    0.0000    0.0000    0.2226    0.7761         0 
    0.0000    0.0000    0.0000    0.0027    0.0009    0.0008    0.0000    0.0000    0.0000    0.3003    0.6952         0 
    0.0000    0.0000    0.0000    0.0046    0.0019    0.0022    0.0000    0.0000    0.0000    0.2940    0.6973         0 
    0.0000    0.0000    0.0000    0.0010    0.0030    0.0033    0.0000    0.0000    0.0000    0.1578    0.8349         0 
    0.0000    0.0000    0.0000    0.0008    0.0026    0.0023    0.0000    0.0000    0.0000    0.1534    0.8409         0 
    0.0000    0.0000    0.0000    0.0043    0.0040    0.0033    0.0000    0.0000    0.0000    0.2812    0.7072         0 
    0.0000    0.0000    0.0000    0.0035    0.0030    0.0029    0.0000    0.0000    0.0000    0.3308    0.6597         0 
    0.0000    0.0000    0.0000    0.0018    0.0006    0.0008    0.0000    0.0000    0.0000    0.2988    0.6981         0 
    0.0000    0.0000    0.0000    0.0014    0.0008    0.0006    0.0000    0.0000    0.0000    0.3107    0.6864         0 
    0.0000    0.0000    0.0000    0.0012    0.0021    0.0063    0.0000    0.0000    0.0000    0.2201    0.7703         0 
    0.0000    0.0000    0.0000    0.0007    0.0017    0.0067    0.0000    0.0000    0.0000    0.0852    0.9057         0 
    0.0000    0.0000    0.0000    0.0013    0.0004    0.0017    0.0000    0.0000    0.0000    0.0939    0.9028         0 
    0.0000    0.0000    0.0000    0.0016    0.0004    0.0017    0.0000    0.0000    0.0000    0.1053    0.8910         0 
    0.0000    0.0000    0.0000    0.0007    0.0003    0.0004    0.0000    0.0000    0.0000    0.1036    0.8950         0 
    0.0000    0.0000    0.0000    0.0007    0.0003    0.0005    0.0000    0.0000    0.0000    0.1074    0.8912         0 
    0.0000    0.0000    0.0000    0.0006    0.0003    0.0006    0.0000    0.0000    0.0000    0.0988    0.8996         0 
    0.0000    0.0000    0.0000    0.0003    0.0001    0.0004    0.0000    0.0000    0.0000    0.0692    0.9300         0 
    0.0000    0.0000    0.0000    0.0007    0.0001    0.0007    0.0000    0.0000    0.0000    0.0750    0.9233         0 
    0.0000    0.0000    0.0000    0.0021    0.0003    0.0013    0.0000    0.0000    0.0000    0.1158    0.8804         0 
    0.0000    0.0000    0.0000    0.0014    0.0003    0.0009    0.0000    0.0000    0.0000    0.1986    0.7987         0 
    0.0000    0.0000    0.0000    0.0002    0.0000    0.0001    0.0000    0.0000    0.0000    0.2283    0.7714         0 
    0.0000    0.0000    0.0000    0.0001    0.0000    0.0004    0.0000    0.0000    0.0000    0.2320    0.7674         0 
    0.0000    0.0000    0.0000    0.0006    0.0002    0.0007    0.0000    0.0000    0.0000    0.1963    0.8023         0 
    0.0000    0.0000    0.0000    0.0008    0.0003    0.0010    0.0000    0.0000    0.0000    0.1777    0.8202         0 
    0.0000    0.0000    0.0000    0.0004    0.0001    0.0003    0.0000    0.0000    0.0000    0.1758    0.8234         0 
    0.0000    0.0000    0.0000    0.0005    0.0000    0.0002    0.0000    0.0000    0.0000    0.1077    0.8916         0 
    0.0000    0.0000    0.0000    0.0003    0.0000    0.0003    0.0000    0.0000    0.0000    0.0758    0.9235         0 
    0.0000    0.0000    0.0000    0.0006    0.0002    0.0005    0.0000    0.0000    0.0000    0.1099    0.8887         0 
    0.0000    0.0000    0.0000    0.0012    0.0003    0.0008    0.0000    0.0000    0.0000    0.2961    0.7015         0 
    0.0000    0.0000    0.0000    0.0011    0.0003    0.0004    0.0000    0.0000    0.0000    0.3247    0.6734         0 
    0.0000    0.0000    0.0000    0.0016    0.0004    0.0007    0.0000    0.0000    0.0000    0.2022    0.7951         0 
    0.0000    0.0000    0.0000    0.0012    0.0002    0.0008    0.0000    0.0000    0.0000    0.2134    0.7844         0 
    0.0000    0.0000    0.0000    0.0005    0.0003    0.0011    0.0000    0.0000    0.0000    0.1993    0.7988         0 
    0.0000    0.0000    0.0000    0.0005    0.0003    0.0009    0.0000    0.0000    0.0000    0.2285    0.7697         0 
    0.0000    0.0000    0.0000    0.0006    0.0004    0.0010    0.0000    0.0000    0.0000    0.3875    0.6106         0 
    0.0000    0.0000    0.0000    0.0004    0.0007    0.0014    0.0000    0.0000    0.0000    0.5149    0.4827         0 
    0.0000    0.0000    0.0000    0.0002    0.0002    0.0004    0.0000    0.0000    0.0000    0.5967    0.4025         0 
    0.0000    0.0000    0.0000    0.0002    0.0001    0.0002    0.0000    0.0000    0.0000    0.6097    0.3897         0 
    0.0000    0.0000    0.0000    0.0002    0.0001    0.0002    0.0000    0.0000    0.0000    0.6129    0.3866         0 
    0.0000    0.0000    0.0000    0.0001    0.0002    0.0004    0.0000    0.0000    0.0000    0.5984    0.4008         0 
    0.0000    0.0000    0.0000    0.0010    0.0009    0.0010    0.0000    0.0000    0.0000    0.3290    0.6680         0 
    0.0000    0.0000    0.0000    0.0007    0.0004    0.0007    0.0000    0.0000    0.0000    0.1379    0.8602         0 
    0.0000    0.0000    0.0000    0.0009    0.0003    0.0008    0.0000    0.0000    0.0000    0.0939    0.9041         0 
    0.0000    0.0000    0.0000    0.0019    0.0003    0.0011    0.0000    0.0000    0.0000    0.1109    0.8857         0 
    0.0000    0.0000    0.0000    0.0020    0.0004    0.0010    0.0000    0.0000    0.0000    0.2098    0.7868         0 
    0.0000    0.0000    0.0000    0.0003    0.0001    0.0002    0.0000    0.0000    0.0000    0.2174    0.7819         0 
    0.0000    0.0000    0.0000    0.0002    0.0000    0.0002    0.0000    0.0000    0.0000    0.1801    0.8195         0 
    0.0000    0.0000    0.0000    0.0003    0.0000    0.0002    0.0000    0.0000    0.0000    0.1444    0.8551         0 
    0.0000    0.0000    0.0000    0.0010    0.0001    0.0010    0.0000    0.0000    0.0000    0.1363    0.8616         0 
    0.0000    0.0000    0.0000    0.0009    0.0036    0.0029    0.0000    0.0000    0.0000    0.1179    0.8747         0 
    0.0000    0.0000    0.0000    0.0007    0.0034    0.0023    0.0000    0.0000    0.0000    0.1444    0.8491         0 
    0.0000    0.0000    0.0000    0.0001    0.0004    0.0009    0.0000    0.0000    0.0000    0.1253    0.8733         0 
    0.0000    0.0000    0.0000    0.0001    0.0000    0.0000    0.0000    0.0000    0.0000    0.0991    0.9007         0 
    0.0000    0.0000    0.0000    0.0003    0.0001    0.0002    0.0000    0.0000    0.0000    0.0766    0.9229         0 
    0.0000    0.0000    0.0000    0.0005    0.0001    0.0006    0.0000    0.0000    0.0000    0.0528    0.9460         0 
    0.0000    0.0000    0.0000    0.0007    0.0001    0.0005    0.0000    0.0000    0.0000    0.0939    0.9048         0 
    0.0000    0.0000    0.0000    0.0002    0.0000    0.0004    0.0000    0.0000    0.0000    0.1207    0.8786         0 
    0.0000    0.0000    0.0000    0.0003    0.0000    0.0002    0.0000    0.0000    0.0000    0.1157    0.8838         0 
    0.0000    0.0000    0.0000    0.0003    0.0000    0.0002    0.0000    0.0000    0.0000    0.1280    0.8715         0 
    0.0000    0.0000    0.0000    0.0002    0.0000    0.0000    0.0000    0.0000    0.0000    0.1287    0.8710         0 
    0.0000    0.0000    0.0000    0.0001    0.0000    0.0002    0.0000    0.0000    0.0000    0.1070    0.8928         0 
    0.0000    0.0000    0.0000    0.0000    0.0000    0.0001    0.0000    0.0000    0.0000    0.0786    0.9213         0 
    0.0000    0.0000    0.0000    0.0002    0.0000    0.0001    0.0000    0.0000    0.0000    0.0735    0.9261         0 
    0.0000    0.0000    0.0000    0.0002    0.0000    0.0000    0.0000    0.0000    0.0000    0.1018    0.8979         0 
    0.0000    0.0000    0.0000    0.0000    0.0000    0.0000    0.0000    0.0000    0.0000    0.1140    0.8860         0 
    0.0000    0.0000    0.0000    0.0000    0.0000    0.0000    0.0000    0.0000    0.0000    0.1094    0.8906         0 
    0.0000    0.0000    0.0000    0.0000    0.0000    0.0000    0.0000    0.0000    0.0000    0.1275    0.8725         0 
    0.0000    0.0000    0.0000    0.0000    0.0000    0.0000    0.0000    0.0000    0.0000    0.1320    0.8680         0 
    0.0000    0.0000    0.0000    0.0003    0.0000    0.0001    0.0000    0.0000    0.0000    0.1080    0.8915         0 
    0.0000    0.0000    0.0000    0.0002    0.0000    0.0001    0.0000    0.0000    0.0000    0.1156    0.8840         0 
    0.0000    0.0000    0.0000    0.0000    0.0000    0.0001    0.0000    0.0000    0.0000    0.1472    0.8527         0 
    0.0000    0.0000    0.0000    0.0001    0.0000    0.0002    0.0000    0.0000    0.0000    0.1620    0.8377         0 
    0.0000    0.0000    0.0000    0.0001    0.0000    0.0001    0.0000    0.0000    0.0000    0.1455    0.8543         0 
    0.0000    0.0000    0.0000    0.0000    0.0000    0.0000    0.0000    0.0000    0.0000    0.1401    0.8598         0 
    0.0000    0.0000    0.0000    0.0002    0.0000    0.0001    0.0000    0.0000    0.0000    0.1062    0.8934         0 
    0.0000    0.0000    0.0000    0.0002    0.0001    0.0002    0.0000    0.0000    0.0000    0.0546    0.9448         0 
    0.0000    0.0000    0.0000    0.0003    0.0001    0.0002    0.0000    0.0000    0.0000    0.0272    0.9722         0 
