   -0.0000    0.0000   -0.0000    0.0000    0.0000    0.0000    0.0000   -0.0000    0.0000    0.0039    0.9961         0

   -0.0000    0.0000   -0.0000    0.0001    0.0000    0.0000    0.0000    0.0000   -0.0000    0.0033    0.9966         0

   -0.0000    0.0000   -0.0000    0.0001    0.0000    0.0001   -0.0000    0.0000   -0.0000    0.0026    0.9973         0

   -0.0000    0.0000   -0.0000    0.0002    0.0001    0.0001    0.0000    0.0000    0.0000    0.0084    0.9913         0

   -0.0000    0.0000   -0.0000    0.0002    0.0001    0.0001    0.0000    0.0000    0.0000    0.0071    0.9926         0

   -0.0000    0.0000   -0.0000    0.0000    0.0000    0.0000    0.0000    0.0000    0.0000    0.0020    0.9980         0

   -0.0000    0.0000   -0.0000    0.0000    0.0000    0.0000   -0.0000   -0.0000    0.0000    0.0032    0.9967         0

   -0.0000    0.0000   -0.0000    0.0001    0.0000    0.0000    0.0000    0.0000    0.0000    0.0049    0.9949         0

    0.0000    0.0000   -0.0000    0.0001    0.0000    0.0001    0.0000    0.0000    0.0000    0.0036    0.9962         0

    0.0000    0.0000   -0.0000    0.0000    0.0000    0.0000    0.0000    0.0000    0.0000    0.0017    0.9982         0

    0.0000    0.0000   -0.0000    0.0000    0.0000    0.0000   -0.0000    0.0000    0.0000    0.0030    0.9969         0

   -0.0000    0.0000   -0.0000    0.0001    0.0000    0.0001   -0.0000    0.0000    0.0000    0.0051    0.9947         0

   -0.0000    0.0000   -0.0000    0.0001    0.0000    0.0001   -0.0000    0.0000    0.0000    0.0039    0.9960         0

   -0.0000    0.0000   -0.0000    0.0000    0.0000    0.0000    0.0000    0.0000    0.0000    0.0012    0.9988         0

   -0.0000    0.0000   -0.0000    0.0000    0.0000    0.0000    0.0000   -0.0000    0.0000    0.0010    0.9990         0

   -0.0000    0.0000   -0.0000    0.0000    0.0000    0.0000   -0.0000   -0.0000    0.0000    0.0008    0.9991         0

   -0.0000    0.0000   -0.0000    0.0000    0.0000    0.0000   -0.0000   -0.0000    0.0000    0.0010    0.9989         0

   -0.0000    0.0000   -0.0000    0.0000    0.0000    0.0000    0.0000    0.0000    0.0000    0.0013    0.9987         0

    0.0000    0.0000   -0.0000    0.0000    0.0000    0.0000    0.0000    0.0000    0.0000    0.0021    0.9978         0

   -0.0000    0.0000   -0.0000    0.0000    0.0000    0.0000    0.0000    0.0000    0.0000    0.0028    0.9971         0

   -0.0000    0.0000   -0.0000    0.0000    0.0000    0.0000    0.0000   -0.0000    0.0000    0.0024    0.9976         0

   -0.0000    0.0000   -0.0000    0.0000    0.0000    0.0000   -0.0000   -0.0000    0.0000    0.0017    0.9983         0

   -0.0000    0.0000   -0.0000    0.0000    0.0000    0.0000   -0.0000   -0.0000    0.0000    0.0015    0.9984         0

   -0.0000    0.0000   -0.0000    0.0000    0.0000    0.0000   -0.0000   -0.0000    0.0000    0.0016    0.9983         0

   -0.0000    0.0000   -0.0000    0.0000    0.0000    0.0000   -0.0000   -0.0000    0.0000    0.0017    0.9982         0

   -0.0000    0.0000   -0.0000    0.0000    0.0000    0.0000   -0.0000   -0.0000   -0.0000    0.0017    0.9982         0

   -0.0000    0.0000   -0.0000    0.0000    0.0000    0.0000    0.0000   -0.0000   -0.0000    0.0016    0.9983         0

    0.0000    0.0000   -0.0000    0.0000    0.0000    0.0000   -0.0000    0.0000   -0.0000    0.0017    0.9982         0

   -0.0000    0.0000   -0.0000    0.0001    0.0000    0.0000   -0.0000    0.0000   -0.0000    0.0022    0.9977         0

   -0.0000    0.0000   -0.0000    0.0002    0.0000    0.0001   -0.0000    0.0000   -0.0000    0.0125    0.9872         0

   -0.0000    0.0000   -0.0000    0.0004    0.0001    0.0001    0.0000    0.0000    0.0000    0.0224    0.9770         0

   -0.0000    0.0000   -0.0000    0.0003    0.0001    0.0001    0.0000    0.0000    0.0000    0.0128    0.9867         0

   -0.0000    0.0000   -0.0000    0.0001    0.0000    0.0000    0.0000    0.0000    0.0000    0.0056    0.9943         0

   -0.0000    0.0000   -0.0000    0.0001    0.0000    0.0000    0.0000    0.0000    0.0000    0.0059    0.9939         0

   -0.0000    0.0000   -0.0000    0.0005    0.0002    0.0002    0.0000    0.0000    0.0000    0.0248    0.9742         0

   -0.0000    0.0000   -0.0000    0.0004    0.0003    0.0002    0.0000    0.0000    0.0000    0.0390    0.9601         0

   -0.0000    0.0000   -0.0000    0.0000    0.0000    0.0001    0.0000    0.0000    0.0000    0.0182    0.9817         0

   -0.0000    0.0000   -0.0000    0.0000    0.0000    0.0000   -0.0000    0.0000    0.0000    0.0168    0.9831         0

   -0.0000    0.0000   -0.0000    0.0000    0.0000    0.0000   -0.0000    0.0000   -0.0000    0.0161    0.9839         0

   -0.0000    0.0000   -0.0000    0.0000    0.0000    0.0000   -0.0000    0.0000   -0.0000    0.0140    0.9860         0

   -0.0000    0.0000   -0.0000    0.0000    0.0000    0.0000   -0.0000    0.0000    0.0000    0.0135    0.9864         0

   -0.0000    0.0000   -0.0000    0.0002    0.0002    0.0002    0.0000    0.0000    0.0000    0.0154    0.9840         0

   -0.0000    0.0000   -0.0000    0.0002    0.0002    0.0001    0.0000    0.0000   -0.0000    0.0105    0.9889         0

   -0.0000    0.0000   -0.0000    0.0000    0.0000    0.0000    0.0000    0.0000    0.0000    0.0058    0.9941         0

   -0.0000    0.0000   -0.0000    0.0000    0.0000    0.0000    0.0000    0.0000    0.0000    0.0065    0.9935         0

   -0.0000    0.0000   -0.0000    0.0000    0.0000    0.0000   -0.0000   -0.0000    0.0000    0.0068    0.9932         0

   -0.0000    0.0000   -0.0000    0.0000    0.0000    0.0000   -0.0000   -0.0000    0.0000    0.0078    0.9922         0

   -0.0000    0.0000   -0.0000    0.0000    0.0000    0.0000   -0.0000   -0.0000    0.0000    0.0063    0.9937         0

   -0.0000    0.0000   -0.0000    0.0000    0.0000    0.0000   -0.0000    0.0000    0.0000    0.0047    0.9952         0

   -0.0000    0.0000   -0.0000    0.0000    0.0000    0.0000   -0.0000    0.0000    0.0000    0.0043    0.9956         0

   -0.0000    0.0000   -0.0000    0.0000    0.0000    0.0000   -0.0000    0.0000   -0.0000    0.0035    0.9965         0

    0.0000    0.0000   -0.0000    0.0000    0.0000    0.0000   -0.0000   -0.0000    0.0000    0.0035    0.9964         0

    0.0000    0.0000   -0.0000    0.0000    0.0000    0.0000   -0.0000   -0.0000    0.0000    0.0042    0.9958         0

    0.0000    0.0000   -0.0000    0.0001    0.0000    0.0000    0.0000    0.0000    0.0000    0.0062    0.9937         0

    0.0000    0.0000   -0.0000    0.0001    0.0000    0.0000    0.0000    0.0000    0.0000    0.0054    0.9944         0

    0.0000    0.0000   -0.0000    0.0000    0.0000    0.0000    0.0000    0.0000    0.0000    0.0036    0.9963         0

   -0.0000    0.0000   -0.0000    0.0000    0.0000    0.0000    0.0000    0.0000    0.0000    0.0047    0.9953         0

   -0.0000    0.0000   -0.0000    0.0000    0.0000    0.0000   -0.0000   -0.0000    0.0000    0.0046    0.9953         0

   -0.0000    0.0000   -0.0000    0.0000    0.0000    0.0000   -0.0000   -0.0000    0.0000    0.0035    0.9964         0

    0.0000    0.0000   -0.0000    0.0000    0.0000    0.0000    0.0000    0.0000    0.0000    0.0029    0.9970         0

    0.0000    0.0000   -0.0000    0.0000    0.0000    0.0000    0.0000    0.0000    0.0000    0.0032    0.9967         0

   -0.0000    0.0000   -0.0000    0.0003    0.0003    0.0001    0.0000    0.0000   -0.0000    0.0184    0.9809         0

   -0.0000    0.0000   -0.0000    0.0005    0.0005    0.0003    0.0000    0.0000    0.0000    0.0289    0.9697         0

    0.0000    0.0000   -0.0000    0.0006    0.0003    0.0003    0.0000    0.0000    0.0000    0.0235    0.9753         0

    0.0000    0.0000    0.0000    0.0004    0.0004    0.0001   -0.0000    0.0000    0.0000    0.0304    0.9687         0

    0.0000    0.0000   -0.0000    0.0003    0.0003    0.0001   -0.0000    0.0000    0.0000    0.0130    0.9863         0

   -0.0000    0.0000    0.0000    0.0001    0.0000    0.0000   -0.0000    0.0000   -0.0000    0.0060    0.9938         0

   -0.0000    0.0000   -0.0000    0.0002    0.0001    0.0005    0.0000    0.0000    0.0000    0.0148    0.9845         0

   -0.0000    0.0000   -0.0000    0.0000    0.0000    0.0001    0.0000    0.0000    0.0000    0.0127    0.9871         0

   -0.0000    0.0000   -0.0000    0.0000    0.0000    0.0001    0.0000    0.0000    0.0000    0.0091    0.9907         0

   -0.0000    0.0000   -0.0000    0.0000    0.0000    0.0000    0.0000    0.0000    0.0000    0.0085    0.9914         0

   -0.0000    0.0000   -0.0000    0.0000    0.0000    0.0000    0.0000    0.0000    0.0000    0.0073    0.9926         0

   -0.0000    0.0000   -0.0000    0.0000    0.0000    0.0000   -0.0000    0.0000    0.0000    0.0062    0.9938         0

   -0.0000    0.0000   -0.0000    0.0000    0.0000    0.0000   -0.0000    0.0000   -0.0000    0.0059    0.9940         0

   -0.0000    0.0000   -0.0000    0.0000    0.0000    0.0000   -0.0000   -0.0000   -0.0000    0.0065    0.9935         0

   -0.0000    0.0000   -0.0000    0.0000    0.0000    0.0000   -0.0000    0.0000    0.0000    0.0056    0.9944         0

   -0.0000    0.0000   -0.0000    0.0001    0.0000    0.0001    0.0000    0.0000    0.0000    0.0061    0.9938         0

    0.0000    0.0000   -0.0000    0.0002    0.0001    0.0002    0.0000    0.0000    0.0000    0.0107    0.9888         0

   -0.0000    0.0000   -0.0000    0.0005    0.0002    0.0006    0.0000    0.0000    0.0000    0.0184    0.9804         0

   -0.0000    0.0000   -0.0000    0.0004    0.0001    0.0005    0.0000    0.0000    0.0000    0.0219    0.9771         0

   -0.0000    0.0000   -0.0000    0.0000    0.0000    0.0000    0.0000    0.0000    0.0000    0.0143    0.9857         0

   -0.0000    0.0000   -0.0000    0.0000    0.0000    0.0001    0.0000    0.0000    0.0000    0.0133    0.9865         0

   -0.0000    0.0000   -0.0000    0.0001    0.0000    0.0001    0.0000    0.0000    0.0000    0.0093    0.9906         0

   -0.0000    0.0000   -0.0000    0.0000    0.0000    0.0000    0.0000    0.0000    0.0000    0.0079    0.9920         0

   -0.0000    0.0000   -0.0000    0.0000    0.0000    0.0000   -0.0000   -0.0000    0.0000    0.0086    0.9914         0

   -0.0000    0.0000   -0.0000    0.0000    0.0000    0.0000   -0.0000   -0.0000    0.0000    0.0101    0.9898         0

   -0.0000    0.0000   -0.0000    0.0000    0.0000    0.0000    0.0000    0.0000    0.0000    0.0080    0.9919         0

   -0.0000    0.0000   -0.0000    0.0000    0.0000    0.0000    0.0000   -0.0000    0.0000    0.0048    0.9952         0

   -0.0000    0.0000   -0.0000    0.0000    0.0000    0.0000   -0.0000   -0.0000   -0.0000    0.0046    0.9954         0

   -0.0000    0.0000   -0.0000    0.0000    0.0000    0.0000   -0.0000   -0.0000   -0.0000    0.0048    0.9951         0

   -0.0000    0.0000   -0.0000    0.0000    0.0000    0.0000   -0.0000   -0.0000    0.0000    0.0043    0.9957         0

   -0.0000    0.0000   -0.0000    0.0000    0.0000    0.0000   -0.0000   -0.0000    0.0000    0.0038    0.9962         0

   -0.0000    0.0000   -0.0000    0.0000    0.0000    0.0000    0.0000    0.0000    0.0000    0.0038    0.9961         0

   -0.0000    0.0000   -0.0000    0.0000    0.0000    0.0001    0.0000    0.0000    0.0000    0.0067    0.9931         0

   -0.0000    0.0000   -0.0000    0.0000    0.0000    0.0000    0.0000    0.0000    0.0000    0.0069    0.9930         0

   -0.0000    0.0000   -0.0000    0.0000    0.0000    0.0001    0.0000    0.0000    0.0000    0.0041    0.9958         0

   -0.0000    0.0000   -0.0000    0.0000    0.0000    0.0000    0.0000    0.0000    0.0000    0.0047    0.9953         0

   -0.0000    0.0000   -0.0000    0.0000    0.0000    0.0001    0.0000    0.0000    0.0000    0.0057    0.9941         0

   -0.0000    0.0000   -0.0000    0.0000    0.0000    0.0001    0.0000    0.0000    0.0000    0.0069    0.9930         0

   -0.0000    0.0000   -0.0000    0.0000    0.0000    0.0000    0.0000    0.0000    0.0000    0.0074    0.9926         0

   -0.0000    0.0000   -0.0000    0.0000    0.0000    0.0000   -0.0000   -0.0000   -0.0000    0.0064    0.9936         0

   -0.0000    0.0000   -0.0000    0.0000    0.0000    0.0000   -0.0000   -0.0000   -0.0000    0.0060    0.9940         0

   -0.0000    0.0000   -0.0000    0.0000    0.0000    0.0000    0.0000    0.0000    0.0000    0.0046    0.9953         0

   -0.0000    0.0000   -0.0000    0.0000    0.0000    0.0000    0.0000    0.0000    0.0000    0.0037    0.9962         0

   -0.0000    0.0000   -0.0000    0.0000    0.0000    0.0000   -0.0000    0.0000   -0.0000    0.0035    0.9965         0

   -0.0000    0.0000   -0.0000    0.0000    0.0000    0.0000    0.0000    0.0000    0.0000    0.0036    0.9963         0

   -0.0000    0.0000   -0.0000    0.0000    0.0000    0.0000   -0.0000    0.0000    0.0000    0.0040    0.9959         0

   -0.0000    0.0000   -0.0000    0.0000    0.0000    0.0000   -0.0000    0.0000    0.0000    0.0041    0.9959         0

   -0.0000    0.0000   -0.0000    0.0000    0.0000    0.0000    0.0000    0.0000    0.0000    0.0042    0.9958         0

   -0.0000    0.0000   -0.0000    0.0000    0.0000    0.0000   -0.0000    0.0000    0.0000    0.0040    0.9959         0

   -0.0000    0.0000   -0.0000    0.0000    0.0000    0.0001    0.0000    0.0000    0.0000    0.0045    0.9953         0

   -0.0000    0.0000   -0.0000    0.0000    0.0000    0.0001    0.0000    0.0000    0.0000    0.0056    0.9942         0

   -0.0000    0.0000   -0.0000    0.0000    0.0000    0.0001    0.0000    0.0000    0.0000    0.0058    0.9941         0

   -0.0000    0.0000   -0.0000    0.0000    0.0000    0.0001    0.0000    0.0000    0.0000    0.0068    0.9930         0

   -0.0000    0.0000   -0.0000    0.0000    0.0000    0.0000   -0.0000   -0.0000    0.0000    0.0079    0.9921         0

   -0.0000    0.0000   -0.0000    0.0000    0.0000    0.0000   -0.0000   -0.0000    0.0000    0.0069    0.9930         0

   -0.0000    0.0000   -0.0000    0.0000    0.0000    0.0000   -0.0000   -0.0000   -0.0000    0.0061    0.9939         0

   -0.0000    0.0000   -0.0000    0.0000    0.0000    0.0000   -0.0000    0.0000    0.0000    0.0057    0.9942         0

   -0.0000    0.0000   -0.0000    0.0000    0.0000    0.0000    0.0000    0.0000    0.0000    0.0055    0.9945         0

   -0.0000    0.0000   -0.0000    0.0000    0.0000    0.0000    0.0000    0.0000    0.0000    0.0052    0.9948         0

   -0.0000    0.0000   -0.0000    0.0000    0.0000    0.0000    0.0000   -0.0000   -0.0000    0.0057    0.9943         0

   -0.0000    0.0000   -0.0000    0.0000    0.0000    0.0000   -0.0000    0.0000   -0.0000    0.0058    0.9942         0

   -0.0000    0.0000   -0.0000    0.0000    0.0000    0.0000   -0.0000    0.0000    0.0000    0.0057    0.9943         0

   -0.0000    0.0000   -0.0000    0.0000    0.0000    0.0000   -0.0000   -0.0000    0.0000    0.0075    0.9924         0

   -0.0000    0.0000   -0.0000    0.0000    0.0000    0.0000    0.0000    0.0000    0.0000    0.0070    0.9930         0

   -0.0000    0.0000   -0.0000    0.0000    0.0000    0.0000    0.0000    0.0000    0.0000    0.0047    0.9953         0

   -0.0000    0.0000   -0.0000    0.0000    0.0000    0.0000   -0.0000   -0.0000    0.0000    0.0044    0.9956         0

   -0.0000    0.0000   -0.0000    0.0000    0.0000    0.0000    0.0000    0.0000    0.0000    0.0059    0.9940         0

   -0.0000    0.0000   -0.0000    0.0000    0.0000    0.0000    0.0000    0.0000    0.0000    0.0060    0.9939         0

   -0.0000    0.0000   -0.0000    0.0000    0.0000    0.0000    0.0000    0.0000    0.0000    0.0048    0.9952         0

   -0.0000    0.0000   -0.0000    0.0000    0.0000    0.0000    0.0000    0.0000    0.0000    0.0055    0.9944         0

   -0.0000    0.0000   -0.0000    0.0000    0.0000    0.0000    0.0000    0.0000    0.0000    0.0056    0.9943         0

   -0.0000    0.0000   -0.0000    0.0000    0.0000    0.0000   -0.0000   -0.0000    0.0000    0.0051    0.9949         0

   -0.0000    0.0000   -0.0000    0.0000    0.0000    0.0000   -0.0000   -0.0000    0.0000    0.0039    0.9961         0

   -0.0000    0.0000   -0.0000    0.0000    0.0000    0.0000    0.0000   -0.0000    0.0000    0.0031    0.9969         0

    0.0000    0.0000   -0.0000    0.0000    0.0000    0.0000    0.0000    0.0000    0.0000    0.0030    0.9970         0

    0.0000    0.0000   -0.0000    0.0000    0.0000    0.0000    0.0000    0.0000    0.0000    0.0044    0.9955         0

    0.0000    0.0000   -0.0000    0.0000    0.0000    0.0000    0.0000    0.0000    0.0000    0.0046    0.9954         0

   -0.0000    0.0000   -0.0000    0.0000    0.0000    0.0000    0.0000    0.0000    0.0000    0.0029    0.9971         0

    0.0000    0.0000   -0.0000    0.0000    0.0000    0.0000    0.0000    0.0000    0.0000    0.0027    0.9972         0

    0.0000    0.0000   -0.0000    0.0000    0.0000    0.0001    0.0000   -0.0000    0.0000    0.0033    0.9966         0

    0.0000    0.0000   -0.0000    0.0001    0.0000    0.0001    0.0000    0.0000   -0.0000    0.0040    0.9958         0

   -0.0000    0.0000   -0.0000    0.0003    0.0001    0.0002    0.0000    0.0000   -0.0000    0.0178    0.9817         0

   -0.0000    0.0000   -0.0000    0.0003    0.0001    0.0002    0.0000    0.0000   -0.0000    0.0130    0.9864         0

   -0.0000    0.0000   -0.0000    0.0000    0.0000    0.0000    0.0000    0.0000    0.0000    0.0027    0.9973         0

   -0.0000    0.0000   -0.0000    0.0000    0.0000    0.0000    0.0000    0.0000    0.0000    0.0008    0.9992         0

   -0.0000    0.0000   -0.0000    0.0000    0.0000    0.0000   -0.0000   -0.0000    0.0000    0.0005    0.9994         0

   -0.0000    0.0000   -0.0000    0.0000    0.0000    0.0000   -0.0000   -0.0000    0.0000    0.0005    0.9995         0

    0.0000    0.0000   -0.0000    0.0001    0.0000    0.0001    0.0000    0.0000    0.0000    0.0038    0.9960         0

    0.0000    0.0000   -0.0000    0.0001    0.0000    0.0001    0.0000    0.0000    0.0000    0.0041    0.9957         0

    0.0000    0.0000   -0.0000    0.0000    0.0000    0.0000   -0.0000   -0.0000    0.0000    0.0016    0.9984         0

    0.0000    0.0000   -0.0000    0.0000    0.0000    0.0000    0.0000   -0.0000    0.0000    0.0021    0.9979         0

    0.0000    0.0000   -0.0000    0.0000    0.0000    0.0000    0.0000   -0.0000    0.0000    0.0028    0.9972         0

    0.0000    0.0000   -0.0000    0.0000    0.0000    0.0000    0.0000   -0.0000    0.0000    0.0034    0.9965         0

    0.0000    0.0000   -0.0000    0.0000    0.0000    0.0000   -0.0000   -0.0000    0.0000    0.0043    0.9957         0

    0.0000    0.0000   -0.0000    0.0000    0.0000    0.0000   -0.0000    0.0000    0.0000    0.0044    0.9955         0

    0.0000    0.0000   -0.0000    0.0000    0.0000    0.0000    0.0000    0.0000    0.0000    0.0042    0.9958         0

    0.0000    0.0000   -0.0000    0.0000    0.0000    0.0000   -0.0000   -0.0000    0.0000    0.0040    0.9959         0

    0.0000    0.0000   -0.0000    0.0000    0.0000    0.0000    0.0000    0.0000    0.0000    0.0039    0.9960         0

    0.0000    0.0000   -0.0000    0.0000    0.0000    0.0000    0.0000    0.0000    0.0000    0.0043    0.9957         0

    0.0000    0.0000   -0.0000    0.0000    0.0000    0.0000   -0.0000    0.0000    0.0000    0.0045    0.9954         0

   -0.0000    0.0000   -0.0000    0.0000    0.0000    0.0001   -0.0000   -0.0000    0.0000    0.0078    0.9920         0

   -0.0000    0.0000   -0.0000    0.0001    0.0000    0.0002   -0.0000    0.0000    0.0000    0.0177    0.9819         0

   -0.0000    0.0000   -0.0000    0.0006    0.0004    0.0002   -0.0000    0.0000    0.0000    0.0413    0.9575         0

   -0.0000    0.0000   -0.0000    0.0011    0.0006    0.0005    0.0000    0.0000    0.0000    0.0729    0.9249         0

   -0.0000    0.0000   -0.0000    0.0013    0.0005    0.0008   -0.0000    0.0000    0.0000    0.0741    0.9232         0

   -0.0000    0.0000   -0.0000    0.0006    0.0004    0.0005    0.0000    0.0000   -0.0000    0.0910    0.9074         0

   -0.0000    0.0000   -0.0000    0.0002    0.0002    0.0003    0.0000   -0.0000   -0.0000    0.1550    0.8443         0

   -0.0000    0.0000   -0.0000    0.0001    0.0000    0.0001    0.0000    0.0000   -0.0000    0.1916    0.8082         0

   -0.0000    0.0000   -0.0000    0.0003    0.0000    0.0001    0.0000    0.0000    0.0000    0.1540    0.8456         0

   -0.0000    0.0000   -0.0000    0.0004    0.0001    0.0002    0.0000    0.0000    0.0000    0.0699    0.9294         0

   -0.0000    0.0000   -0.0000    0.0002    0.0001    0.0001    0.0000    0.0000    0.0000    0.0359    0.9636         0

   -0.0000    0.0000   -0.0000    0.0003    0.0001    0.0002    0.0000    0.0000    0.0000    0.0928    0.9066         0

   -0.0000    0.0000   -0.0000    0.0001    0.0000    0.0001    0.0000    0.0000   -0.0000    0.1512    0.8487         0

   -0.0000    0.0000   -0.0000    0.0000    0.0000    0.0001    0.0000    0.0000   -0.0000    0.1732    0.8266         0

   -0.0000    0.0000   -0.0000    0.0006    0.0003    0.0003    0.0000    0.0000    0.0000    0.1540    0.8447         0

   -0.0000    0.0000   -0.0000    0.0008    0.0008    0.0006    0.0000    0.0000    0.0000    0.0854    0.9124         0

    0.0000    0.0000   -0.0000    0.0018    0.0021    0.0012   -0.0000    0.0000    0.0000    0.1541    0.8407         0

    0.0000    0.0000   -0.0000    0.0017    0.0018    0.0010   -0.0000    0.0000    0.0000    0.1544    0.8411         0

    0.0000    0.0000   -0.0000    0.0003    0.0001    0.0003   -0.0000    0.0000    0.0000    0.1005    0.8987         0

    0.0000    0.0000   -0.0000    0.0003    0.0003    0.0006    0.0000    0.0000    0.0000    0.1018    0.8970         0

    0.0000    0.0000   -0.0000    0.0003    0.0003    0.0005    0.0000    0.0000    0.0000    0.0509    0.9479         0

    0.0000    0.0000   -0.0000    0.0000    0.0000    0.0000    0.0000    0.0000    0.0000    0.0229    0.9770         0

    0.0000    0.0000   -0.0000    0.0000    0.0000    0.0000    0.0000    0.0000    0.0000    0.0338    0.9661         0

    0.0000    0.0000   -0.0000    0.0002    0.0002    0.0001   -0.0000    0.0000   -0.0000    0.0428    0.9567         0

   -0.0000    0.0000   -0.0000    0.0006    0.0004    0.0003   -0.0000    0.0000   -0.0000    0.0916    0.9071         0

   -0.0000    0.0000   -0.0000    0.0008    0.0003    0.0003   -0.0000    0.0000    0.0000    0.1511    0.8475         0

    0.0000    0.0000   -0.0000    0.0005    0.0001    0.0001   -0.0000    0.0000    0.0000    0.1912    0.8080         0

    0.0000    0.0000   -0.0000    0.0004    0.0001    0.0004   -0.0000    0.0000    0.0000    0.1480    0.8511         0

   -0.0000    0.0000   -0.0000    0.0002    0.0001    0.0002   -0.0000    0.0000   -0.0000    0.0933    0.9062         0

    0.0000    0.0000   -0.0000    0.0001    0.0001    0.0001    0.0000    0.0000   -0.0000    0.0945    0.9052         0

    0.0000    0.0000   -0.0000    0.0001    0.0001    0.0001   -0.0000    0.0000   -0.0000    0.1135    0.8861         0

    0.0000    0.0000   -0.0000    0.0005    0.0004    0.0003   -0.0000    0.0000   -0.0000    0.2328    0.7660         0

    0.0000    0.0000   -0.0000    0.0007    0.0004    0.0003   -0.0000    0.0000   -0.0000    0.2946    0.7040         0

   -0.0000    0.0000   -0.0000    0.0003    0.0002    0.0002    0.0000    0.0000    0.0000    0.3181    0.6811         0

    0.0000    0.0000   -0.0000    0.0001    0.0000    0.0001   -0.0000    0.0000   -0.0000    0.3421    0.6578         0

    0.0000    0.0000   -0.0000    0.0008    0.0007    0.0006    0.0000    0.0000    0.0000    0.4941    0.5037         0

   -0.0000    0.0000   -0.0000    0.0006    0.0006    0.0005   -0.0000    0.0000    0.0000    0.5369    0.4613         0

   -0.0000    0.0000   -0.0000    0.0007    0.0002    0.0003    0.0000    0.0000    0.0000    0.3580    0.6408         0

    0.0000    0.0000   -0.0000    0.0010    0.0004    0.0004    0.0000    0.0000    0.0000    0.1506    0.8475         0

    0.0000    0.0000   -0.0000    0.0001    0.0002    0.0002    0.0000   -0.0000   -0.0000    0.0433    0.9562         0

    0.0000    0.0000   -0.0000    0.0001    0.0000    0.0000   -0.0000    0.0000   -0.0000    0.0460    0.9538         0

    0.0000    0.0000   -0.0000    0.0011    0.0004    0.0004   -0.0000    0.0000    0.0000    0.1639    0.8341         0

    0.0000    0.0000   -0.0000    0.0014    0.0026    0.0017    0.0000    0.0000    0.0000    0.2770    0.7172         0

    0.0000    0.0000   -0.0000    0.0010    0.0020    0.0016    0.0000    0.0000    0.0000    0.3696    0.6258         0

    0.0000    0.0000   -0.0000    0.0010    0.0007    0.0006   -0.0000    0.0000    0.0000    0.2486    0.7491         0

    0.0000    0.0000   -0.0000    0.0006    0.0002    0.0003   -0.0000    0.0000    0.0000    0.1536    0.8452         0

    0.0000    0.0000   -0.0000    0.0002    0.0001    0.0001    0.0000    0.0000    0.0000    0.1747    0.8249         0

    0.0000    0.0000   -0.0000    0.0003    0.0001    0.0003    0.0000    0.0000    0.0000    0.1880    0.8113         0

    0.0000    0.0000   -0.0000    0.0006    0.0007    0.0008    0.0000    0.0000    0.0000    0.1762    0.8217         0

    0.0000    0.0000   -0.0000    0.0005    0.0007    0.0005    0.0000    0.0000    0.0000    0.1870    0.8113         0

    0.0000    0.0000   -0.0000    0.0007    0.0003    0.0003   -0.0000    0.0000    0.0000    0.1532    0.8455         0

    0.0000    0.0000   -0.0000    0.0004    0.0002    0.0001   -0.0000    0.0000    0.0000    0.0989    0.9003         0

    0.0000    0.0000   -0.0000    0.0000    0.0000    0.0000   -0.0000    0.0000    0.0000    0.0907    0.9091         0

    0.0000    0.0000   -0.0000    0.0007    0.0015    0.0006    0.0000   -0.0000   -0.0000    0.1405    0.8566         0

   -0.0000    0.0000   -0.0000    0.0008    0.0013    0.0007    0.0000    0.0000    0.0000    0.2780    0.7192         0

   -0.0000    0.0000   -0.0000    0.0002    0.0001    0.0002   -0.0000   -0.0000    0.0000    0.3516    0.6478         0

    0.0000    0.0000   -0.0000    0.0000    0.0000    0.0000    0.0000   -0.0000   -0.0000    0.3744    0.6256         0

    0.0000    0.0000   -0.0000    0.0000    0.0000    0.0000    0.0000    0.0000    0.0000    0.3562    0.6437         0

    0.0000    0.0000   -0.0000    0.0000    0.0000    0.0000   -0.0000    0.0000    0.0000    0.3385    0.6614         0

    0.0000    0.0000   -0.0000    0.0003    0.0001    0.0002    0.0000   -0.0000    0.0000    0.2733    0.7262         0

   -0.0000    0.0000   -0.0000    0.0001    0.0001    0.0002   -0.0000    0.0000    0.0000    0.2252    0.7745         0

    0.0000    0.0000   -0.0000    0.0001    0.0000    0.0001    0.0000    0.0000    0.0000    0.2596    0.7402         0

    0.0000    0.0000   -0.0000    0.0000    0.0000    0.0000   -0.0000   -0.0000    0.0000    0.2809    0.7190         0

    0.0000    0.0000   -0.0000    0.0000    0.0000    0.0000    0.0000   -0.0000    0.0000    0.3026    0.6974         0

   -0.0000    0.0000   -0.0000    0.0004    0.0002    0.0002    0.0000   -0.0000   -0.0000    0.3067    0.6925         0

   -0.0000    0.0000    0.0000    0.0004    0.0004    0.0002    0.0000   -0.0000   -0.0000    0.4524    0.5465         0

   -0.0000    0.0000    0.0000    0.0003    0.0002    0.0002    0.0000   -0.0000    0.0000    0.5885    0.4109         0

   -0.0000    0.0000    0.0000    0.0001    0.0001    0.0001    0.0000    0.0000    0.0000    0.5850    0.4147         0

   -0.0000    0.0000    0.0000    0.0000    0.0000    0.0000    0.0000    0.0000    0.0000    0.5813    0.4186         0

   -0.0000    0.0000    0.0000    0.0001    0.0000    0.0001    0.0000    0.0000    0.0000    0.5541    0.4457         0

   -0.0000    0.0000    0.0000    0.0002    0.0001    0.0002    0.0000    0.0000    0.0000    0.4579    0.5415         0

   -0.0000    0.0000   -0.0000    0.0006    0.0010    0.0011    0.0000   -0.0000   -0.0000    0.2903    0.7069         0

    0.0000    0.0000   -0.0000    0.0017    0.0017    0.0018    0.0000   -0.0000   -0.0000    0.2848    0.7099         0

    0.0000    0.0000   -0.0000    0.0010    0.0012    0.0009    0.0000    0.0000   -0.0000    0.2984    0.6985         0

    0.0000    0.0000   -0.0000    0.0008    0.0011    0.0005   -0.0000    0.0000    0.0000    0.2864    0.7112         0

    0.0000    0.0000   -0.0000    0.0013    0.0011    0.0006   -0.0000    0.0000    0.0000    0.3574    0.6396         0

    0.0000    0.0000   -0.0000    0.0007    0.0004    0.0003   -0.0000    0.0000    0.0000    0.3953    0.6032         0

    0.0000    0.0000   -0.0000    0.0001    0.0002    0.0002   -0.0000    0.0000    0.0000    0.3587    0.6409         0

    0.0000    0.0000   -0.0000    0.0000    0.0000    0.0000   -0.0000    0.0000    0.0000    0.3221    0.6778         0

    0.0000    0.0000   -0.0000    0.0019    0.0006    0.0014    0.0000    0.0000    0.0000    0.2725    0.7236         0

    0.0000    0.0000   -0.0000    0.0020    0.0008    0.0017    0.0000    0.0000    0.0000    0.1602    0.8353         0

    0.0000    0.0000   -0.0000    0.0001    0.0001    0.0001   -0.0000    0.0000   -0.0000    0.0726    0.9272         0

    0.0000    0.0000   -0.0000    0.0007    0.0006    0.0003    0.0000    0.0000    0.0000    0.1532    0.8451         0

    0.0000    0.0000   -0.0000    0.0013    0.0005    0.0003    0.0000    0.0000    0.0000    0.1794    0.8184         0

    0.0000    0.0000   -0.0000    0.0008    0.0001    0.0001    0.0000   -0.0000    0.0000    0.1149    0.8840         0

    0.0000    0.0000   -0.0000    0.0000    0.0000    0.0000   -0.0000    0.0000    0.0000    0.0718    0.9281         0

    0.0000    0.0000   -0.0000    0.0000    0.0000    0.0000   -0.0000   -0.0000   -0.0000    0.0714    0.9285         0

    0.0000    0.0000   -0.0000    0.0001    0.0000    0.0000    0.0000    0.0000    0.0000    0.0629    0.9370         0

    0.0000    0.0000   -0.0000    0.0004    0.0004    0.0003    0.0000    0.0000    0.0000    0.1004    0.8984         0

    0.0000    0.0000   -0.0000    0.0005    0.0004    0.0003    0.0000    0.0000    0.0000    0.1992    0.7995         0

    0.0000    0.0000   -0.0000    0.0027    0.0009    0.0007    0.0000    0.0000    0.0000    0.2823    0.7133         0

    0.0000    0.0000   -0.0000    0.0047    0.0019    0.0020    0.0000    0.0000    0.0000    0.2548    0.7365         0

   -0.0000    0.0000   -0.0000    0.0010    0.0032    0.0033   -0.0000    0.0000    0.0000    0.0726    0.9199         0

   -0.0000    0.0000   -0.0000    0.0006    0.0027    0.0023   -0.0000    0.0000    0.0000    0.0884    0.9059         0

    0.0000    0.0000   -0.0000    0.0042    0.0041    0.0033   -0.0000    0.0000   -0.0000    0.2438    0.7446         0

    0.0000    0.0000   -0.0000    0.0035    0.0031    0.0029   -0.0000    0.0000    0.0000    0.2983    0.6921         0

    0.0000    0.0000   -0.0000    0.0018    0.0006    0.0007    0.0000    0.0000    0.0000    0.2784    0.7184         0

    0.0000    0.0000   -0.0000    0.0014    0.0008    0.0006   -0.0000    0.0000    0.0000    0.2955    0.7017         0

    0.0000    0.0000   -0.0000    0.0012    0.0021    0.0064   -0.0000    0.0000   -0.0000    0.2006    0.7898         0

    0.0000    0.0000   -0.0000    0.0006    0.0017    0.0067   -0.0000    0.0000   -0.0000    0.0566    0.9344         0

   -0.0000    0.0000    0.0000    0.0011    0.0003    0.0014   -0.0000   -0.0000   -0.0000    0.0665    0.9307         0

   -0.0000    0.0000    0.0000    0.0013    0.0003    0.0015   -0.0000   -0.0000   -0.0000    0.0640    0.9328         0

   -0.0000    0.0000    0.0000    0.0005    0.0002    0.0003   -0.0000   -0.0000   -0.0000    0.0389    0.9600         0

   -0.0000    0.0000    0.0000    0.0004    0.0001    0.0004   -0.0000   -0.0000   -0.0000    0.0452    0.9538         0

   -0.0000    0.0000    0.0000    0.0004    0.0002    0.0005    0.0000   -0.0000   -0.0000    0.0511    0.9479         0

   -0.0000    0.0000    0.0000    0.0003    0.0001    0.0003    0.0000   -0.0000   -0.0000    0.0341    0.9652         0

   -0.0000    0.0000    0.0000    0.0006    0.0001    0.0006   -0.0000   -0.0000   -0.0000    0.0443    0.9544         0

   -0.0000    0.0000    0.0000    0.0018    0.0003    0.0011    0.0000   -0.0000   -0.0000    0.1027    0.8940         0

   -0.0000    0.0000    0.0000    0.0013    0.0003    0.0008    0.0000   -0.0000   -0.0000    0.1922    0.8054         0

   -0.0000    0.0000    0.0000    0.0001    0.0000    0.0001    0.0000   -0.0000   -0.0000    0.2186    0.7812         0

   -0.0000    0.0000    0.0000    0.0000    0.0000    0.0000    0.0000   -0.0000   -0.0000    0.2229    0.7771         0

   -0.0000    0.0000    0.0000    0.0003    0.0001    0.0003    0.0000   -0.0000   -0.0000    0.1674    0.8318         0

   -0.0000    0.0000    0.0000    0.0005    0.0002    0.0008    0.0000   -0.0000   -0.0000    0.1004    0.8981         0

   -0.0000    0.0000    0.0000    0.0004    0.0001    0.0003    0.0000   -0.0000   -0.0000    0.0640    0.9353         0

   -0.0000    0.0000    0.0000    0.0002    0.0000    0.0001    0.0000   -0.0000    0.0000    0.0541    0.9454         0

   -0.0000    0.0000    0.0000    0.0002    0.0000    0.0003    0.0000   -0.0000    0.0000    0.0538    0.9456         0

   -0.0000    0.0000    0.0000    0.0006    0.0002    0.0004   -0.0000   -0.0000    0.0000    0.0544    0.9443         0

   -0.0000    0.0000    0.0000    0.0011    0.0003    0.0009    0.0000   -0.0000   -0.0000    0.1483    0.8494         0

   -0.0000    0.0000    0.0000    0.0009    0.0002    0.0004    0.0000   -0.0000   -0.0000    0.1617    0.8368         0

   -0.0000    0.0000    0.0000    0.0015    0.0003    0.0006    0.0000    0.0000    0.0000    0.0974    0.9001         0

   -0.0000    0.0000    0.0000    0.0012    0.0002    0.0006    0.0000   -0.0000   -0.0000    0.1232    0.8747         0

   -0.0000    0.0000    0.0000    0.0003    0.0002    0.0009    0.0000   -0.0000    0.0000    0.1416    0.8570         0

   -0.0000    0.0000    0.0000    0.0003    0.0002    0.0008    0.0000    0.0000    0.0000    0.1586    0.8401         0

   -0.0000    0.0000    0.0000    0.0005    0.0003    0.0004   -0.0000   -0.0000    0.0000    0.2357    0.7631         0

   -0.0000    0.0000    0.0000    0.0004    0.0006    0.0007   -0.0000   -0.0000    0.0000    0.2864    0.7118         0

   -0.0000    0.0000    0.0000    0.0002    0.0003    0.0001    0.0000   -0.0000   -0.0000    0.2279    0.7714         0

   -0.0000    0.0000    0.0000    0.0003    0.0002    0.0003   -0.0000   -0.0000    0.0000    0.2082    0.7910         0

   -0.0000    0.0000    0.0000    0.0003    0.0002    0.0002   -0.0000   -0.0000    0.0000    0.2297    0.7696         0

   -0.0000    0.0000    0.0000    0.0001    0.0002    0.0001   -0.0000   -0.0000   -0.0000    0.2377    0.7618         0

   -0.0000    0.0000    0.0000    0.0006    0.0006    0.0006    0.0000   -0.0000   -0.0000    0.1430    0.8552         0

   -0.0000    0.0000    0.0000    0.0005    0.0004    0.0007    0.0000   -0.0000   -0.0000    0.0658    0.9325         0

   -0.0000    0.0000    0.0000    0.0005    0.0002    0.0005    0.0000    0.0000   -0.0000    0.0429    0.9558         0

   -0.0000    0.0000    0.0000    0.0010    0.0002    0.0010    0.0000   -0.0000    0.0000    0.0697    0.9281         0

   -0.0000    0.0000    0.0000    0.0011    0.0003    0.0010    0.0000   -0.0000    0.0000    0.1527    0.8450         0

   -0.0000    0.0000    0.0000    0.0002    0.0001    0.0002    0.0000   -0.0000    0.0000    0.1988    0.8008         0

   -0.0000    0.0000    0.0000    0.0001    0.0000    0.0001    0.0000   -0.0000    0.0000    0.1680    0.8317         0

   -0.0000    0.0000    0.0000    0.0001    0.0000    0.0001    0.0000   -0.0000    0.0000    0.1297    0.8701         0

   -0.0000    0.0000    0.0000    0.0001    0.0000    0.0001   -0.0000   -0.0000    0.0000    0.0816    0.9181         0

   -0.0000    0.0000    0.0000    0.0002    0.0000    0.0001    0.0000   -0.0000   -0.0000    0.0343    0.9653         0

   -0.0000    0.0000    0.0000    0.0001    0.0000    0.0001    0.0000   -0.0000   -0.0000    0.0176    0.9821         0

   -0.0000    0.0000    0.0000    0.0001    0.0000    0.0001    0.0000   -0.0000   -0.0000    0.0353    0.9645         0

   -0.0000    0.0000    0.0000    0.0000    0.0000    0.0000   -0.0000   -0.0000    0.0000    0.0424    0.9576         0

   -0.0000    0.0000    0.0000    0.0002    0.0000    0.0001    0.0000   -0.0000   -0.0000    0.0374    0.9623         0

   -0.0000    0.0000    0.0000    0.0004    0.0001    0.0005   -0.0000   -0.0000    0.0000    0.0315    0.9676         0

   -0.0000    0.0000    0.0000    0.0005    0.0001    0.0003    0.0000   -0.0000    0.0000    0.0822    0.9169         0

   -0.0000    0.0000    0.0000    0.0001    0.0000    0.0001    0.0000   -0.0000    0.0000    0.1149    0.8849         0

   -0.0000    0.0000    0.0000    0.0001    0.0000    0.0001   -0.0000   -0.0000    0.0000    0.0888    0.9110         0

   -0.0000    0.0000    0.0000    0.0001    0.0000    0.0001   -0.0000   -0.0000    0.0000    0.1058    0.8940         0

   -0.0000    0.0000    0.0000    0.0001    0.0000    0.0000   -0.0000   -0.0000    0.0000    0.1213    0.8785         0

   -0.0000    0.0000    0.0000    0.0000    0.0000    0.0001    0.0000   -0.0000   -0.0000    0.1041    0.8958         0

   -0.0000    0.0000    0.0000    0.0000    0.0000    0.0000    0.0000   -0.0000   -0.0000    0.0772    0.9226         0

   -0.0000    0.0000    0.0000    0.0001    0.0000    0.0000    0.0000   -0.0000   -0.0000    0.0628    0.9370         0

   -0.0000    0.0000    0.0000    0.0001    0.0000    0.0000    0.0000   -0.0000    0.0000    0.0704    0.9295         0

   -0.0000    0.0000    0.0000    0.0000    0.0000    0.0000    0.0000   -0.0000    0.0000    0.0774    0.9226         0

   -0.0000    0.0000    0.0000    0.0000    0.0000    0.0000    0.0000   -0.0000   -0.0000    0.0715    0.9284         0

   -0.0000    0.0000    0.0000    0.0000    0.0000    0.0000   -0.0000   -0.0000    0.0000    0.0694    0.9305         0

   -0.0000    0.0000    0.0000    0.0000    0.0000    0.0000   -0.0000   -0.0000    0.0000    0.0734    0.9266         0

   -0.0000    0.0000    0.0000    0.0001    0.0000    0.0000    0.0000   -0.0000   -0.0000    0.0860    0.9139         0

   -0.0000    0.0000    0.0000    0.0001    0.0000    0.0000    0.0000   -0.0000   -0.0000    0.1105    0.8894         0

   -0.0000    0.0000    0.0000    0.0000    0.0000    0.0000    0.0000   -0.0000   -0.0000    0.1394    0.8605         0

   -0.0000    0.0000    0.0000    0.0000    0.0000    0.0001    0.0000   -0.0000   -0.0000    0.1580    0.8418         0

   -0.0000    0.0000    0.0000    0.0000    0.0000    0.0001    0.0000   -0.0000   -0.0000    0.1412    0.8586         0

   -0.0000    0.0000    0.0000    0.0000    0.0000    0.0000   -0.0000   -0.0000    0.0000    0.1293    0.8707         0

   -0.0000    0.0000    0.0000    0.0002    0.0000    0.0001    0.0000   -0.0000    0.0000    0.0895    0.9101         0

   -0.0000    0.0000    0.0000    0.0002    0.0001    0.0002    0.0000   -0.0000   -0.0000    0.0390    0.9606         0

   -0.0000    0.0000    0.0000    0.0002    0.0001    0.0002    0.0000   -0.0000    0.0000    0.0194    0.9800         0

