labels 1 2 4 5
1.0 0.7240148577506356 0.13607218336191576 0.1364834804175298 0.0034294784699188973 
1.0 0.7244540272906065 0.13577770164506567 0.13633722689677555 0.003431044167552749 
1.0 0.7076817792926035 0.14508159458442138 0.14349988887485704 0.003736737248118288 
1.0 0.7062176176335678 0.14718267460517426 0.1432281475078748 0.003371560253383488 
1.0 0.7439339055053448 0.13793205677289633 0.1165315340251119 0.001602503696646926 
1.0 0.7493750554824189 0.13566439494269542 0.1134090539859716 0.0015514955889141513 
1.0 0.7345521511350359 0.14662029993396777 0.11693815676649753 0.0018893921644987598 
1.0 0.7229485131475977 0.15927165878699218 0.11594909190060615 0.001830736164803949 
1.0 0.6899693452494429 0.15804381257025812 0.14808534009107713 0.0039015020892215983 
1.0 0.7113696309906373 0.14415195796804234 0.14097161301365943 0.0035067980276609835 
1.0 0.6930264046471465 0.13902353334668927 0.16253123029754016 0.005418831708624101 
1.0 0.694923656687668 0.1372423126029007 0.1623792711594581 0.00545475954997341 
1.0 0.6821045277223757 0.14194389061230292 0.16979281367994495 0.006158767985376478 
1.0 0.6760910762953931 0.14661102087646674 0.17105088244190964 0.006247020386230643 
1.0 0.6881639905942645 0.14131739218221584 0.16477767632559734 0.005740940897922464 
1.0 0.6803384620883929 0.14317346201967096 0.17027472505214591 0.006213350839790263 
1.0 0.6712893463005832 0.14859553560413977 0.1736465640615309 0.006468554033746096 
1.0 0.6790374188780888 0.14679641700308652 0.16818298029763953 0.00598318382118492 
1.0 0.681035708556961 0.1454030538946868 0.16763028132468774 0.005930956223664523 
1.0 0.6833046416402543 0.1442966060323542 0.16662668954802975 0.0057720627793617085 
1.0 0.6996674520791157 0.14717281815890446 0.14908478880239204 0.004074940959587823 
1.0 0.719310397695313 0.13792271900177633 0.13935626988138766 0.0034106134215232333 
1.0 0.7150152901762067 0.13909182864160305 0.14226541735818143 0.0036274638240088603 
1.0 0.7002416020644342 0.15058457684738857 0.1455042730816256 0.003669548006551693 
1.0 0.7115792472910195 0.14737149549201373 0.1378154883958787 0.0032337688210880814 
1.0 0.728281243936373 0.13247360120445634 0.1358168782936689 0.0034282765655016616 
1.0 0.7296213727789701 0.12863544926533657 0.13808384912443583 0.0036593288312572834 
1.0 0.7280544830570859 0.12974078451379956 0.13851450928713804 0.0036902231419765523 
1.0 0.7271199791671905 0.1303999927102792 0.1387723194516287 0.0037077086709016867 
1.0 0.7243122922019773 0.1327977951989957 0.13919062019602282 0.0036992924030040796 
1.0 0.7273258636173052 0.1302547715858565 0.1387154445053189 0.0037039202915191208 
1.0 0.7279147376177029 0.12983936895075618 0.1385530088954374 0.0036928845361031745 
1.0 0.7271199791671905 0.1303999927102792 0.1387723194516287 0.0037077086709016867 
1.0 0.7268810690653096 0.1305684947744353 0.13883837802559096 0.0037120581346640285 
1.0 0.7199860422098068 0.13205132218370458 0.14390347643799103 0.0040591591684976565 
1.0 0.7034799613878776 0.1467914219223407 0.145726405356012 0.0040022113337698385 
1.0 0.6774451106612179 0.1715457901027477 0.14767203388383773 0.003337065352196545 
1.0 0.7315165256630561 0.14976409970229587 0.11737097695204794 0.0013483976826003793 
1.0 0.7422465040625983 0.1387707230438078 0.11750247595923344 0.001480296934360873 
1.0 0.7529985666038097 0.13195711455942993 0.11359794367003455 0.001446375166726128 
1.0 0.7365762410459684 0.14110598881882255 0.12035101740480517 0.0019667527304037986 
1.0 0.7446796707725531 0.13734109304658113 0.11599513746777669 0.001984098713089156 
1.0 0.7126768009311224 0.14125772758980118 0.14230095782818672 0.0037645136508899263 
1.0 0.715801687764062 0.13853690956066603 0.14185905381670644 0.00380234885856588 
1.0 0.7156057767323687 0.13866771405456357 0.14192457012757412 0.0038019390854937317 
1.0 0.7230592071700018 0.1367052800511105 0.13681196194981565 0.00342355082907177 
1.0 0.7215143794902616 0.13769848360335094 0.13738229306262464 0.0034048438437630736 
1.0 0.7125886371863305 0.14061729653066338 0.14301895149423044 0.00377511478877551 
1.0 0.7232527766659357 0.13657799962022552 0.13674416947247048 0.003425054241368224 
1.0 0.7153482727319349 0.13883904988960308 0.14201147938400116 0.003801197994460872 
1.0 0.7160141652057719 0.14250678954180654 0.13812025487663948 0.003358790375782057 
1.0 0.7423385289304198 0.1406138769279934 0.11531246489566133 0.0017351292459255097 
1.0 0.7418206983191534 0.13831524200074888 0.11806462375720782 0.0017994359228898455 
1.0 0.7457771527668958 0.13568389356059307 0.1166408411549026 0.0018981125176084138 
1.0 0.7303919460888966 0.14533928070881044 0.122110714839786 0.0021580583625066476 
1.0 0.7343729462565005 0.14750434684349065 0.11617062646340395 0.001952080436604451 
1.0 0.7097325520947773 0.14287215147381882 0.14350027999015696 0.003895016441246987 
1.0 0.7131792043071081 0.13982563218653185 0.14308762069345954 0.003907542812900751 
1.0 0.7184149896518895 0.13992197883544913 0.13813313266124008 0.003529898851421335 
1.0 0.7185163504323092 0.1368815083292962 0.14081482896327788 0.0037873122751168583 
1.0 0.7180179175452089 0.13723019880612583 0.140958888699488 0.0037929949491771354 
1.0 0.7205926709894502 0.13498585097915683 0.14061693328791214 0.0038045447434805375 
1.0 0.7198967260793674 0.13547037099955833 0.14082138480531706 0.003811518115757529 
1.0 0.7291097945888586 0.13230574188362956 0.1351461550754072 0.0034383084521045727 
1.0 0.7203121002346774 0.13518135575558396 0.14069909130488545 0.0038074527048530494 
1.0 0.720145159973354 0.13529757420409802 0.1407481442052894 0.0038091216172584435 
1.0 0.7203400252506206 0.1351619069573451 0.14069089873552806 0.0038071690565063326 
1.0 0.7180840663900978 0.13995531386809562 0.1384080310245231 0.0035525887172833167 
1.0 0.6903910062561988 0.15707680502848415 0.1485145923152735 0.004017596400043479 
1.0 0.6494028229236848 0.1904010846887953 0.15672383352992808 0.00347225885759176 
1.0 0.7130977350976598 0.1578222743511262 0.12762969856349482 0.0014502919877191938 
1.0 0.7476777242951878 0.1363384528022593 0.11457902544217177 0.0014047974603812472 
1.0 0.7422479813888626 0.13842803470133874 0.1174574843623615 0.0018664995474367877 
1.0 0.7504303467424661 0.13239240160975496 0.11514945206312839 0.0020277995846506697 
1.0 0.7128819563706305 0.14112375282618653 0.14222853665604226 0.0037657541471402597 
1.0 0.7168170480423924 0.13785347088369893 0.1415269682768227 0.003802512797085786 
1.0 0.7153908949021333 0.13881073812285058 0.14199702998516409 0.003801336989852059 
1.0 0.7192319681827373 0.13977359164402148 0.1375849236748209 0.0034095164984205084 
1.0 0.709288838307336 0.14334231151516455 0.1436037050526258 0.003765145124873342 
1.0 0.7111004475614138 0.14150414877247872 0.14365454126649294 0.0037408623996147035 
1.0 0.7190067806696616 0.13915964020644633 0.13849902186220084 0.0033345572616910696 
1.0 0.7198366879288315 0.13870767827710634 0.13808996632539813 0.0033656674686643466 
1.0 0.7168974342168863 0.1412045149839644 0.1385328013907968 0.0033652494083525105 
1.0 0.6975543803779377 0.1500383782423303 0.1486225524385044 0.0037846889412275664 
1.0 0.7418063806367974 0.1398333393098755 0.11678779812897833 0.0015724819243487429 
1.0 0.7502412526754108 0.13363295066161973 0.11475738322244064 0.0013684134405289505 
1.0 0.7419145482543837 0.13950248932199696 0.11704261263540776 0.0015403497882116827 
1.0 0.688243545556335 0.15896010222353515 0.149120214607689 0.0036761376124407026 
1.0 0.6918212186938838 0.15874100764464186 0.14566781582346233 0.0037699578380123045 
1.0 0.7299516425551235 0.1351601704716858 0.13174897822685072 0.0031392087463399786 
1.0 0.7280544830570859 0.12974078451379956 0.13851450928713804 0.0036902231419765523 
1.0 0.7261392777201721 0.1310915582193719 0.13904393112925864 0.0037252329311972337 
1.0 0.7342514192817305 0.12867981690577487 0.1336951778321864 0.003373585980308322 
1.0 0.7248905299753932 0.1319714611621475 0.13939179457685205 0.003746214285607161 
1.0 0.7156992340661144 0.13972795357998086 0.1408318526913603 0.00374095966254433 
1.0 0.7212430363607627 0.13908177309185124 0.13628184371805716 0.0033933468293289616 
1.0 0.7262203131448967 0.1351702038490144 0.13521627666057853 0.0033932063455105062 
1.0 0.7170045375777294 0.13834493439198922 0.14088825576926098 0.00376227226102028 
1.0 0.7096971551559499 0.1438011617635962 0.1427442793232459 0.0037574037572080323 
1.0 0.6872571849507735 0.15830355980549302 0.15042316123506544 0.004016094008667838 
1.0 0.6917513891089677 0.16962773497901304 0.13663102617564768 0.001989849736371834 
1.0 0.7441292589183992 0.13635176938077415 0.11841876538967269 0.0011002063111540316 
1.0 0.7341781299297929 0.14180038201227407 0.12229095708551978 0.0017305309724133717 
1.0 0.7391034371987618 0.13994872712320983 0.11890700026046527 0.002040835417563194 
1.0 0.7174229957791842 0.13805653260255532 0.14076090678283515 0.003759564835425471 
1.0 0.7188489787931255 0.13692090134067683 0.1404697222429928 0.0037603976232051853 
1.0 0.7161176330645538 0.1388210633069623 0.14127586293011188 0.003785440698372372 
1.0 0.7168402895706667 0.13783772961566257 0.14151950015840142 0.0038024806552692204 
1.0 0.7112256684140935 0.14211796313103456 0.14286774522698156 0.0037886232278904535 
1.0 0.7107131258225765 0.14489185211329206 0.14085009777564764 0.0035449242884835475 
1.0 0.7110059561969626 0.1447088327286541 0.14073633248633005 0.0035488785880533726 
1.0 0.702977330091935 0.14706406629748414 0.1460164677559229 0.00394213585465774 
1.0 0.7014656261048848 0.15287631812341462 0.1421797330983269 0.0034783226733733977 
1.0 0.7417815910713543 0.14116895449695807 0.11525745086528234 0.0017920035664051948 
1.0 0.7373467347661015 0.14092166328866584 0.11970341426700953 0.002028187678223007 
1.0 0.7399294029861845 0.1425372972911563 0.1155664024855099 0.0019668972371491332 
1.0 0.7031275399062863 0.1515105010480948 0.1417487893676837 0.003613169677935112 
1.0 0.7109165784919181 0.1425159345552153 0.14274693329200447 0.003820553660861814 
1.0 0.725574548558902 0.13265564387369547 0.13816037488521724 0.003609432682185332 
1.0 0.7262061445964594 0.13104441733169936 0.13902537180986885 0.003724066261972557 
1.0 0.7254768935829741 0.1315584152053764 0.13922813453581528 0.00373655667583419 
1.0 0.7340579384866786 0.12881678097923394 0.13374871552492706 0.0033765650091604625 
1.0 0.7239654013158476 0.1326225550654761 0.13965133710855993 0.003760706510116428 
1.0 0.722911637865424 0.1333630120599245 0.1399493349646796 0.003776015109971725 
1.0 0.7197842200860618 0.13599205957344196 0.1404524012288533 0.0037713191116429054 
1.0 0.7194166864699643 0.13625022345102022 0.14055691791648925 0.003776172162526421 
1.0 0.7148843760121733 0.14091610650609834 0.14050223518896515 0.0036972822927630656 
1.0 0.7054232861300307 0.15112550871561872 0.13998028639112975 0.0034709187632205566 
1.0 0.6260342809146647 0.20040438029350396 0.16935772003373842 0.004203618758092798 
1.0 0.7082935093897996 0.1631421466722917 0.12729384895840487 0.0012704949795038724 
1.0 0.7462344590762262 0.13948042165117905 0.11296890310942033 0.0013162161631744473 
1.0 0.7351769832740095 0.1429710106195158 0.11985109770785175 0.0020009083986229064 
1.0 0.7048120007491098 0.1465464143283465 0.14472948680521863 0.0039120981173253865 
1.0 0.7257362988660694 0.13595693055686248 0.13494194135995657 0.003364829217111234 
1.0 0.7157608437346458 0.14156085692967368 0.13911260675052256 0.003565692585157853 
1.0 0.7036263714621515 0.14664569479817763 0.14578149054426673 0.003946443195404024 
1.0 0.7105162474776475 0.14501379131728157 0.14092796762521806 0.003541993579852733 
1.0 0.7036712598293435 0.1507249253189299 0.14208761133539763 0.0035162035163290176 
1.0 0.7043117727536061 0.15033413649491453 0.14182822989487676 0.0035258608566023516 
1.0 0.6905169488044113 0.15295012288129683 0.15219200832719837 0.004340919987093334 
1.0 0.7009547549389864 0.15477286490364878 0.14081303908924925 0.003459341068115711 
1.0 0.68563210251489 0.16508666796116583 0.1458008307117402 0.0034803988122039113 
1.0 0.7366609677247463 0.14110178224572714 0.12026131253494368 0.001975937494582902 
1.0 0.7420099446708981 0.1410743230733293 0.11511234303234723 0.0018033892234255386 
1.0 0.7346944157314168 0.1472862531506165 0.11606559582509621 0.0019537352928707566 
1.0 0.6967283685734426 0.15682716058727408 0.142871539905122 0.0035729309341614164 
1.0 0.7083992654386634 0.14968037575475904 0.1386229753321903 0.0032973834743872635 
1.0 0.7105707228768336 0.1490080993468056 0.13714450438855955 0.0032766733878010802 
1.0 0.7184220105523389 0.13842908999121278 0.13949630636234683 0.003652593094101626 
1.0 0.7224916455910334 0.1349503351423087 0.13890869087336846 0.0036493283932895033 
1.0 0.7331867946211303 0.12970213396365946 0.13374092184549977 0.003370149569710594 
1.0 0.732153471760374 0.13043214835828668 0.1340306499528383 0.0033837299285010163 
1.0 0.7326660323968666 0.1300701938694903 0.13388662571615567 0.0033771480174874142 
1.0 0.7304280952609932 0.1320617393152752 0.13414913216849156 0.0033610332552399228 
1.0 0.7340940202671338 0.12906032559526973 0.13348840224876388 0.0033572518888326033 
1.0 0.72542527425952 0.13186862414998712 0.1389886077456674 0.0037174938448256427 
1.0 0.7256843501669312 0.1316861002755968 0.1389162420523004 0.003713307505171733 
1.0 0.7238125298946787 0.1334260058003221 0.13907251373697058 0.0036889505680285394 
1.0 0.7104287259130433 0.14552991197437284 0.14043071122969497 0.0036106508828889737 
1.0 0.712315829653704 0.14536812747827083 0.1388685132448461 0.003447529623179085 
1.0 0.7123814600837073 0.142102614860311 0.14179045009814814 0.003725474957833424 
1.0 0.7165374011569612 0.14215786651161771 0.13785006796496618 0.0034546643664547633 
1.0 0.6908824537737753 0.15332968831753427 0.15150932245871793 0.0042785354499723935 
1.0 0.6577768140761637 0.17472433416014588 0.1626971622454466 0.004801689518243661 
1.0 0.6497237982138975 0.19769062479571722 0.14918499010090627 0.0034005868894790596 
1.0 0.6122761199886225 0.23945575072992464 0.1460264113031014 0.002241717978351182 
1.0 0.669696065132976 0.18252673274671688 0.14773385213645082 4.33499838568108E-5 
1.0 0.8409184371434137 0.04685412147960647 0.11220107027242757 2.6371104552235056E-5 
1.0 0.7802976845758665 0.07025741127431233 0.1494185565192598 2.6347630561550173E-5 
2.0 0.07750655978661632 0.6505087749957572 0.2716552371100884 3.2942810753797656E-4 
2.0 0.04992688233010042 0.5235446200890187 0.42644913045377014 7.936712711088386E-5 
1.0 0.8043108382236901 0.014261998603392856 0.18130885981737732 1.183033555395911E-4 
1.0 0.8374580765465242 0.003295207652662857 0.15893399951000176 3.1271629081101345E-4 
1.0 0.8102009300953094 0.001452088627152519 0.18753385881421575 8.131224633222934E-4 
1.0 0.8180343294870496 0.0013818807641671304 0.1797461223931018 8.376673556814022E-4 
1.0 0.8497634768180448 0.0023083775172450614 0.14754320647723868 3.8493918747151373E-4 
1.0 0.853101815932843 0.002505192146347105 0.14404600920030886 3.469827205010681E-4 
1.0 0.8421183945072115 0.002275749628768878 0.15522088645809431 3.849694059255238E-4 
1.0 0.8230173823465389 0.001604501698568634 0.17471777504711047 6.603409077819355E-4 
1.0 0.8192829363912906 0.003638427326932394 0.17676865437584466 3.099819059323068E-4 
1.0 0.8518774048632839 0.012791912403101163 0.13523867200702328 9.201072659162845E-5 
1.0 0.8036960741679697 0.03152730390456507 0.16471439073141472 6.223119605014611E-5 
1.0 0.7702458561489229 0.0692999476339941 0.1604305858240271 2.3610393056104048E-5 
1.0 0.7701564010197072 0.07852195182899845 0.15123730052158738 8.434662970738207E-5 
1.0 0.8288223165033539 0.07405796025276533 0.09711113534326403 8.587900616639396E-6 
1.0 0.8386091255067379 0.07053838410517635 0.09084540169840062 7.088689684964641E-6 
1.0 0.848942055059105 0.06161112784577426 0.08944049918924449 6.317905876074037E-6 
1.0 0.8484347214469282 0.05783482519267448 0.09372263808971729 7.815270679719928E-6 
1.0 0.859831822353212 0.051890981133454424 0.08826245935774175 1.4737155591993455E-5 
1.0 0.858570653842572 0.04890222508182715 0.09251055028160954 1.6570793991274098E-5 
1.0 0.8627604052301825 0.04935198017092363 0.08786949605381367 1.8118545080286183E-5 
1.0 0.8515009625510286 0.05509275569565482 0.09339650233771918 9.77941559748884E-6 
1.0 0.819973348451003 0.0744213041003906 0.10558664926823672 1.869818036955726E-5 
1.0 0.5496943876336086 0.1272233880029446 0.32301558838095396 6.6635982493043E-5 
4.0 0.27601712996662786 0.006143183180209607 0.716861468266588 9.782185865744527E-4 
1.0 0.5091354098478887 0.0014330699416636998 0.4872892995737852 0.0021422206366626174 
1.0 0.6900401718096049 0.002598909983086489 0.30661569494909685 7.452232582118014E-4 
1.0 0.6486873871777564 0.003061015041940745 0.3476486898601772 6.029079201257958E-4 
1.0 0.5128534549408488 0.0015902001702644273 0.4840765888603114 0.0014797560285755601 
4.0 0.4234942894060969 9.541107135337525E-4 0.5704186901989989 0.0051329096813701805 
4.0 0.4500049827915564 9.144506261784399E-4 0.5449055305859994 0.004175035996265886 
1.0 0.5692046957946564 0.0010255278701363831 0.4274403980989794 0.002329378236227727 
1.0 0.5359621393413574 0.0033904926861647758 0.4595723734663351 0.0010749945061428244 
1.0 0.5320116942869569 0.038909856410050035 0.42892142816043527 1.570211425576339E-4 
1.0 0.7688145609447705 0.034029178967770815 0.1970894116274136 6.684846004518156E-5 
1.0 0.841470699387076 0.03156696195770064 0.1269271589206401 3.51797345832911E-5 
1.0 0.7506358764701552 0.09932894602902999 0.14991765264159437 1.1752485922036995E-4 
1.0 0.7150269057360625 0.10879427111302993 0.1761611190807743 1.770407013305118E-5 
1.0 0.7320424170241555 0.08074589490073769 0.18716844713390574 4.324094120114712E-5 
1.0 0.8764445061260766 0.037881668392977304 0.08562342187316112 5.0403607785025764E-5 
1.0 0.8797076385444158 0.036694471245332504 0.08354191690647153 5.597330378025833E-5 
1.0 0.8760392499086197 0.03429580753759061 0.08960013266116607 6.480989262360538E-5 
1.0 0.8529020311562397 0.045495737795811834 0.10154329275632655 5.8938291622176654E-5 
1.0 0.7410593270125019 0.11797845692211838 0.14065005775543296 3.121583099469614E-4 
1.0 0.7234019333386268 0.14868706268685536 0.1264749446259415 0.0014360593485765172 
1.0 0.6925288934574809 0.16706224978676226 0.13881713513413743 0.0015917216216191584 
1.0 0.7064457664971524 0.15461546885712882 0.13791712761753921 0.001021637028179706 
1.0 0.7422826683237493 0.1307143384239824 0.1262540697023043 7.489235499641697E-4 
1.0 0.8111173589614854 0.09749359584771614 0.09129720156517526 9.184362562336207E-5 
1.0 0.8116688081208886 0.09224697901808444 0.09600488387968095 7.93289813462225E-5 
1.0 0.8135458440441322 0.0862718682954322 0.1001111814320239 7.110622841212069E-5 
1.0 0.8200485390306358 0.08013943156398129 0.09976280016143753 4.922924394507511E-5 
1.0 0.7961442475154459 0.08162023829053336 0.12207211042503342 1.6340376898727737E-4 
1.0 0.8016843840976444 0.07582094361796786 0.12238404559284666 1.1062669154131649E-4 
1.0 0.8014320719071494 0.09763603100564161 0.10086386219135983 6.803489584917337E-5 
1.0 0.760509204437552 0.11043079876952681 0.1285444881324619 5.155086604589806E-4 
1.0 0.8052672937514909 0.09687933185933131 0.09774241491864002 1.1095947053785117E-4 
1.0 0.7959211804206082 0.10758897005227877 0.09626122983355104 2.2861969356180483E-4 
1.0 0.7988217887129095 0.1082333731005479 0.09267051714465907 2.743210418834592E-4 
1.0 0.7994430475084097 0.10752707622122151 0.09276613464666039 2.637416237082019E-4 
1.0 0.7986991147055134 0.10837308468362869 0.09265134797512459 2.764526357333207E-4 
1.0 0.7920106936544106 0.11063870143419433 0.09700855197799509 3.4205293340016404E-4 
1.0 0.7861913282532157 0.11753370264470901 0.09593777045204409 3.3719865003092344E-4 
1.0 0.7752075267289092 0.1248459368934804 0.09958284819490174 3.636881827085094E-4 
1.0 0.784989095278657 0.12110820313949987 0.09363552729725494 2.671742845880816E-4 
1.0 0.7926651199994807 0.11406448695312575 0.09294413302117849 3.262600262151078E-4 
1.0 0.7946742023979468 0.11232698266389127 0.0926939716124163 3.048433257454822E-4 
1.0 0.7884560929942357 0.11407253242480482 0.09710643430985388 3.649402711056139E-4 
1.0 0.7961382066968831 0.11063840133349821 0.09294529030624572 2.7810166337287703E-4 
1.0 0.8001287393614609 0.10674989645182828 0.09286889466675285 2.5246951995794076E-4 
1.0 0.8011991291041848 0.10554153852184253 0.09302365349725501 2.3567887671763148E-4 
1.0 0.8026070716739512 0.1039609076430385 0.09321702525467213 2.149954283381575E-4 
1.0 0.8036430521614493 0.10280412643847255 0.09335209329230763 2.0072810777058204E-4 
1.0 0.8104410142317618 0.1002842292096926 0.08912208919043853 1.5266736810687982E-4 
1.0 0.8126059460853674 0.09791875605228882 0.08934515444503893 1.3014341730437925E-4 
1.0 0.8140888118334005 0.09631145283473348 0.08948349852310876 1.1623680875726769E-4 
1.0 0.8137375375772141 0.09610196410955774 0.09006214711298524 9.835120024292891E-5 
1.0 0.8117421104721719 0.09363535565185592 0.09451840766228986 1.0412621368262228E-4 
1.0 0.8156032402941047 0.09409992333083315 0.09021248194903624 8.435442602593324E-5 
1.0 0.8115725195874863 0.0944175133823436 0.09388301281739181 1.2695421277829653E-4 
1.0 0.8107797853890403 0.09527291354992264 0.09381279646745672 1.3450459358044955E-4 
1.0 0.806220656856897 0.09994871919024167 0.0936621838326776 1.6844012018326021E-4 
1.0 0.8031075188368156 0.10340144648560123 0.09328302861430794 2.080060632751181E-4 
1.0 0.8094982507592681 0.10132132398308091 0.08901706268523209 1.6336257241886948E-4 
1.0 0.8096113309024614 0.10119670427563823 0.08902991492924302 1.62049892657E-4 
1.0 0.8027454115561112 0.10380613155988977 0.09323541201810286 2.1304486589579426E-4 
1.0 0.8026346985428934 0.10392999124814806 0.09322070545009557 2.1460475886315352E-4 
1.0 0.8030434180392252 0.10790619459954257 0.08883508875677493 2.1529860445759338E-4 
1.0 0.7907111410846372 0.11564338388923844 0.0933303890881426 3.1508593798170765E-4 
1.0 0.7599779474290613 0.12702347399937325 0.11209982817473184 8.987503968337691E-4 
1.0 0.751603647838613 0.13155521919703106 0.11559623661283194 0.0012448963515239806 
1.0 0.7546305907278525 0.12935786966080312 0.11473961221676801 0.001271927394576507 
1.0 0.7519155654187895 0.13214332875145626 0.11463289280352199 0.0013082130262322658 
1.0 0.7339879344709175 0.14282085787216303 0.12134186527124266 0.0018493423856771074 
1.0 0.7307065245975145 0.1481704533559003 0.11937367887860374 0.0017493431679814551 
1.0 0.722272891423077 0.15107521428847667 0.12579119026057067 8.607040278759493E-4 
1.0 0.781447653731782 0.10841896381752333 0.11011847251728384 1.490993341080599E-5 
1.0 0.8195686976531341 0.0845128619391819 0.09590421124340319 1.42291642810575E-5 
1.0 0.8207274897809239 0.08838999465024419 0.09083464700164007 4.7868567191695625E-5 
1.0 0.8212434424638206 0.08841012024247043 0.09028851749731882 5.791979638979055E-5 
1.0 0.8191528201182949 0.09060461882830062 0.09017259281720894 6.996823619573973E-5 
1.0 0.8187985526168603 0.09097844220156838 0.09015083325564774 7.217192592342968E-5 
1.0 0.8217899559613971 0.08839113335024079 0.08974998822079602 6.892246756622177E-5 
1.0 0.816444052418005 0.08889105413946714 0.09457839544585964 8.649799666814623E-5 
1.0 0.7784707248525987 0.09977212420200572 0.12136759335320775 3.8955759218782255E-4 
1.0 0.7578203532922425 0.12240289994063991 0.11897855912825732 7.981876388603702E-4 
1.0 0.7552610833774334 0.13368656369315918 0.10984266375975134 0.001209689169656284 
1.0 0.7442670945222382 0.1386090134302361 0.115387703282159 0.001736188765366408 
1.0 0.7424143228486815 0.13840136237194067 0.11730228368495546 0.001882031094422483 
1.0 0.7473775859811985 0.1338052100238074 0.11694488793836735 0.0018723160566266896 
1.0 0.747229290004306 0.1337591942928138 0.11716617500612235 0.0018453406967577609 
1.0 0.7471744962625594 0.13371548805819927 0.11727902116426511 0.0018309945149759834 
1.0 0.7471765842684367 0.13371767238651955 0.1172741173515895 0.0018316259934541335 
1.0 0.7439898678846553 0.1364144667401746 0.11775552288794962 0.0018401424872205954 
1.0 0.7548155347110235 0.13133468990452415 0.11221998872115099 0.001629786663301477 
1.0 0.7438348028148506 0.13601849471825597 0.11838706559905006 0.0017596368678432853 
1.0 0.7462996632685212 0.13264474307425597 0.11990753996543566 0.001148053691787642 
1.0 0.781180244299712 0.09701506172551141 0.12157740051858516 2.272934561913494E-4 
1.0 0.8144729910387678 0.062399258586916674 0.12309856454979706 2.9185824518426132E-5 
1.0 0.8183001761736404 0.058800927567586314 0.12287786106151413 2.1035197259351212E-5 
1.0 0.8042804635046029 0.07375819652095018 0.12190057434267501 6.076563177180986E-5 
1.0 0.7416259442767394 0.12820149523203778 0.12951728672150362 6.552737697192569E-4 
1.0 0.7053182898283528 0.1672806169500201 0.12594697247607306 0.001454120745553884 
1.0 0.7132081133791249 0.16086199060198497 0.12407135181952215 0.001858544199368065 
1.0 0.7357037249239745 0.1451611679996291 0.11720225904434757 0.0019328480320485867 
1.0 0.7308624256588745 0.14510036432267723 0.12186284054101883 0.002174369477429222 
1.0 0.7341846962362505 0.14363314031105442 0.12015407955069737 0.0020280839019977234 
1.0 0.7412010588777054 0.14134484288337798 0.11570032102279607 0.0017537772161206897 
1.0 0.734895155818247 0.14149638591352195 0.12173225118695936 0.0018762070812714166 
1.0 0.7492210088267398 0.1360628427807006 0.11347460042492312 0.0012415479676367548 
1.0 0.7554574719659133 0.12729418125635397 0.11610661911938928 0.001141727658343796 
1.0 0.7577228662667662 0.12343347936205597 0.11794141264383858 9.022417273392386E-4 
1.0 0.7668561247225035 0.11295926092373984 0.11971043154963855 4.7418280411807407E-4 
1.0 0.7760878267020813 0.08682940732378522 0.13699077395936046 9.199201477290315E-5 
1.0 0.825086099843818 0.04924684258218964 0.12565372579888046 1.333177511200137E-5 
1.0 0.843086382572327 0.042742492157187804 0.11415767588314464 1.3449387340734834E-5 
1.0 0.8234203102938381 0.05866066586848241 0.1179050024299222 1.4021407757369069E-5 
1.0 0.7994257559878538 0.08249195591711826 0.11796417773658771 1.1811035844031906E-4 
1.0 0.7874882964467919 0.0910310285499559 0.12119957129489634 2.8110370835554305E-4 
1.0 0.7864565766672011 0.09218042351403367 0.12106451516965111 2.984846491142759E-4 
1.0 0.7854397985704622 0.09331875054267928 0.12092506036389311 3.163905229654503E-4 
1.0 0.7928173508970856 0.09165444775741641 0.11526701230859973 2.611890368980961E-4 
1.0 0.7935179881395419 0.09088193576918308 0.1153496550315432 2.504210597318721E-4 
1.0 0.7946536806926132 0.08963511729127746 0.11547752856156436 2.3367345454484919E-4 
1.0 0.7914569488542317 0.08928315322793733 0.11903224022135502 2.2765769647614274E-4 
1.0 0.7945837930007187 0.08382195452973061 0.12146532541778549 1.2892705176507148E-4 
1.0 0.8159648103188206 0.06567598525457204 0.11833281313496478 2.6391291642556457E-5 
1.0 0.8339145639466764 0.05076126376643011 0.11531299461580019 1.117767109317663E-5 
1.0 0.8308765400520931 0.05293048573057021 0.11618167552196611 1.1298695370388182E-5 
1.0 0.8149121947954805 0.06438486636753632 0.12067439090256561 2.854793441732509E-5 
1.0 0.7669129863875671 0.10600569056545343 0.12680185200513452 2.794710418447704E-4 
1.0 0.7276186684557722 0.14756063070363776 0.1239524111202224 8.682897203674582E-4 
1.0 0.7346363325440447 0.14259003864938224 0.12156600565375067 0.0012076231528222667 
1.0 0.7561267358169859 0.12728458196005046 0.11542432852579593 0.0011643536971678704 
1.0 0.7585424367588788 0.1250188792848408 0.11528125342349513 0.001157430532785342 
1.0 0.7587193131806313 0.12478587389827253 0.11534845642922979 0.0011463564918663947 
1.0 0.7513882040615283 0.126598241090786 0.12072602885065283 0.0012875259970329006 
1.0 0.7594345494914948 0.12385219941513835 0.1156097843419392 0.0011034667514275005 
1.0 0.7604137756164381 0.12259174851583841 0.11594560361977756 0.0010488722479458348 
1.0 0.7266811031634139 0.13924657234353824 0.13264926409780892 0.0014230603952385035 
1.0 0.7202870331275456 0.1404597880928008 0.13829621422181385 9.569645578395172E-4 
1.0 0.7601681027039973 0.08871548361904735 0.150984950135243 1.3146354171241794E-4 
1.0 0.8522104905941127 0.045718865177800765 0.10202849767445721 4.21465536293947E-5 
1.0 0.865935318241313 0.042773999307453875 0.09125261336516426 3.806908606885401E-5 
1.0 0.8267994528040343 0.05612585707997764 0.11706153058076553 1.3159535222313039E-5 
1.0 0.8026478063695814 0.07483040890064106 0.12241881692618307 1.0296780359441247E-4 
1.0 0.8007471240287404 0.08238872768406487 0.11672923505483852 1.3491323235617755E-4 
1.0 0.8003661012763238 0.08346730641487027 0.11600488677399212 1.6170553481355515E-4 
1.0 0.7986553784678571 0.08529601054921418 0.1158673876218772 1.8122336105177197E-4 
1.0 0.7897436325426185 0.08853863333187613 0.12147197715923648 2.457569662689232E-4 
1.0 0.799449533492729 0.08444510612683642 0.11593340320603696 1.719571743973517E-4 
1.0 0.8000977882982439 0.08375306994171558 0.11598448356977498 1.646581902655805E-4 
1.0 0.7979432274059327 0.08606195032566522 0.11580497872919403 1.8984353920810577E-4 
1.0 0.7973482583933873 0.08670395121252032 0.11575051472256419 1.9727567152816224E-4 
1.0 0.7955172148214013 0.08869158722373505 0.1155696897832894 2.2150817157450903E-4 
1.0 0.7861042697239631 0.09257422229025743 0.12101690757707678 3.0460040870288114E-4 
1.0 0.7869883655756135 0.09158726334607178 0.12113494285272108 2.8942822559309075E-4 
1.0 0.7943324490611735 0.08998710200966133 0.11544212567388507 2.38323255279919E-4 
1.0 0.8000059746426952 0.08562807589498181 0.11422105655792279 1.448929044002148E-4 
1.0 0.8047139404440995 0.07523424012428723 0.11996072578447464 9.109364713880925E-5 
1.0 0.8065270281375888 0.07089527946472651 0.12250152451570434 7.616788198044903E-5 
1.0 0.8026672049392314 0.0735327816938038 0.12371908657155115 8.09267954135185E-5 
1.0 0.7960920230805917 0.08604103928898374 0.11771748885761416 1.4944877281077717E-4 
1.0 0.7579732812573381 0.1232114180764263 0.11818228156367805 6.330191025575722E-4 
1.0 0.7200970320455822 0.15342995912783794 0.1247739875458493 0.0016990212807304924 
1.0 0.7406889354631376 0.1412934138946324 0.11632628980670183 0.0016913608355278574 
1.0 0.7526492363772106 0.1329539248553112 0.11284549370430381 0.0015513450631743386 
1.0 0.7470950991695092 0.1335103220472682 0.1176074520037159 0.001787126779506582 
1.0 0.7308541141822321 0.144324191922775 0.12312162803050876 0.0017000658644841155 
1.0 0.7394896861299947 0.1396679017330728 0.11989545900849749 9.469531284352065E-4 
1.0 0.7560853188692402 0.10751901812142857 0.13617366382900511 2.2199918032606063E-4 
1.0 0.8003324722311526 0.07000320099092448 0.1296240854049864 4.0241372936261384E-5 
1.0 0.803129465215165 0.07795288224118442 0.11884340354193204 7.424900171841739E-5 
1.0 0.7953154948086297 0.08821300807090458 0.11627701504980531 1.944820706603839E-4 
1.0 0.7876306680529658 0.09744962734668142 0.11456766196899329 3.5204263135957915E-4 
1.0 0.7850640658296058 0.10036518466471035 0.11416579766138772 4.049518442964778E-4 
1.0 0.7762305218446991 0.10386859610002466 0.11938281567451123 5.18066380764922E-4 
1.0 0.7818462454766717 0.10406304295884627 0.11361099839815665 4.7971316632554876E-4 
1.0 0.7748620116606051 0.10547117199901572 0.1191118959716951 5.549203686837909E-4 
1.0 0.7754392786246167 0.10479411748592289 0.11922747289996771 5.391309894927083E-4 
1.0 0.7777318191994219 0.10212054288513771 0.11966776918797169 4.798687274690334E-4 
1.0 0.7914973669130206 0.0917534562484524 0.11651573045718547 2.3344638134142583E-4 
1.0 0.8062355035612783 0.07608162410962405 0.11759919265098072 8.367967811695694E-5 
1.0 0.8134789119309573 0.06937174785037308 0.1171004454747657 4.8894743904128425E-5 
1.0 0.799944903095787 0.07819353510983917 0.12177505742707101 8.650436730258595E-5 
1.0 0.7560406491020428 0.11616960349938897 0.12730309528162564 4.866521169425911E-4 
1.0 0.7259268575088687 0.14968120404341506 0.12297694606382917 0.0014149923838871583 
1.0 0.7418345478838256 0.14271076809223524 0.11390376823424099 0.00155091578969825 
1.0 0.7568965333571717 0.13358705619257247 0.10809627640779924 0.0014201340424568444 
1.0 0.7548040992338726 0.13132602133991012 0.11224295310269555 0.001626926323521542 
1.0 0.7547538116233218 0.13126818114400715 0.11236679844713643 0.001611208785534587 
1.0 0.7417335815702439 0.1380192740439161 0.11850154039958996 0.0017456039862499832 
1.0 0.7348230180757152 0.13984115085982013 0.12421022547416113 0.0011256055903038672 
1.0 0.7681576324375511 0.09997420051473323 0.1316809525394936 1.8721450822193898E-4 
1.0 0.8564612009954407 0.04962901879259282 0.0938748520971484 3.49281148178931E-5 
1.0 0.8740110567616036 0.03879231260445563 0.08715640625564378 4.02243782971593E-5 
1.0 0.8301276191926333 0.05360544912133932 0.11625533661425387 1.1595071773359545E-5 
1.0 0.8117983125542164 0.0716602965509398 0.11647288173066694 6.850916417675226E-5 
1.0 0.7969813824927151 0.08073263987264633 0.1221315651717696 1.544124628692152E-4 
1.0 0.8003975120676646 0.07715230660255189 0.12232865604457806 1.2152528520532534E-4 
1.0 0.798920484110401 0.07869210422781207 0.12225239414083401 1.35017520953081E-4 
1.0 0.8016417655874459 0.08211406507891902 0.11609596675676119 1.482025768736238E-4 
1.0 0.8009437572888939 0.08285341652216621 0.11604734371983567 1.5548246910413564E-4 
1.0 0.7942572269263964 0.08363573940762423 0.12192192405359996 1.8510961237922275E-4 
1.0 0.8010597278688514 0.0827303915830241 0.11605562563391628 1.542549142081028E-4 
1.0 0.8010597278688514 0.0827303915830241 0.11605562563391628 1.542549142081028E-4 
1.0 0.7932507647566591 0.0847190390310145 0.12183266186576625 1.9753434656034221E-4 
1.0 0.8087715514105823 0.07471606085550463 0.11642482298771491 8.756474619832201E-5 
1.0 0.8235554575727139 0.06019408311026162 0.116228685489648 2.177382737658549E-5 
1.0 0.8576032328976609 0.04945457505321127 0.09292658174864858 1.5610300479118734E-5 
1.0 0.8574655333597778 0.04957382975671295 0.09294517609453458 1.546078897455016E-5 
1.0 0.8116004968928581 0.06769569692054526 0.12066154706431931 4.225912227728788E-5 
1.0 0.7579455334847954 0.11936287323289968 0.12227197880648868 4.196144758163987E-4 
1.0 0.7401057132764415 0.14133974792335544 0.11734099674379371 0.0012135420564091234 
1.0 0.7477017793841866 0.13418849048879478 0.1165992590458939 0.0015104710811247692 
1.0 0.7554346569281502 0.1294266026076493 0.11372615501880842 0.0014125854453921154 
1.0 0.748159010536365 0.1311770326606466 0.11910671492778045 0.0015572418752079946 
1.0 0.756315136269377 0.12807515241444178 0.11428815439606849 0.0013215569201127403 
1.0 0.7460418169411529 0.13518986592683627 0.11762367367997198 0.0011446434520387971 
1.0 0.7423743640104724 0.1313043577629681 0.1257817348011939 5.395434253655323E-4 
1.0 0.791243853789575 0.06895314648903751 0.13978977337486798 1.3226346519717263E-5 
1.0 0.8817570974528646 0.02853263706474172 0.08964624362253043 6.402185986304902E-5 
1.0 0.8820390982972692 0.030074463106461134 0.08783383389820722 5.260469806250651E-5 
1.0 0.8658279716414412 0.04201777623810353 0.09212524707144251 2.9005049012652417E-5 
1.0 0.8075666943991843 0.06985497281033146 0.12250832273240982 7.001005807447898E-5 
1.0 0.7946863782187268 0.08317557972464448 0.12195804820668774 1.7999384994102453E-4 
1.0 0.7901878734189309 0.08805100407444409 0.12152191534044536 2.3920716617969152E-4 
1.0 0.7960255665868655 0.0881379778655579 0.11562188499118614 2.1457055639043546E-4 
1.0 0.7885348478494125 0.08987100576601498 0.12132988721716244 2.642591674102337E-4 
1.0 0.790559968150441 0.08764341116089877 0.1215627983328553 2.3382235580465368E-4 
1.0 0.7992218816692906 0.08468867594843373 0.1159148658356211 1.745765466543616E-4 
1.0 0.8023057739320762 0.08141321179902467 0.11613949854215047 1.4151572674848912E-4 
1.0 0.8163019535196439 0.06660413458351516 0.11705613046663658 3.778143020443516E-5 
1.0 0.865300562118894 0.04246194393202731 0.09220917728486175 2.8316664216922953E-5 
1.0 0.8730343634252717 0.03643223265466314 0.09049881348976918 3.459043029589166E-5 
1.0 0.8703024210040023 0.04153457520994815 0.0881262729405105 3.673084553914232E-5 
1.0 0.7919162152173391 0.07725714315937379 0.13076476003601242 6.188158727484021E-5 
1.0 0.7389093040069292 0.1372102555800719 0.12316894306053824 7.114973524609296E-4 
1.0 0.7330968115218705 0.14218528137281827 0.12300641800537027 0.0017114890999412652 
1.0 0.7530696796797965 0.13181987887732743 0.11367547059107437 0.0014349708518018127 
1.0 0.7558629227529788 0.1287482749553808 0.11402412973295885 0.0013646725586815948 
1.0 0.7466222088682548 0.1367940935533024 0.11518813670132252 0.001395560877120091 
1.0 0.7416111960479703 0.13846994400392548 0.11849873673169538 0.001420123216408787 
1.0 0.7479043849147017 0.1284447470395199 0.1228181551971346 8.327128486434888E-4 
1.0 0.7869001879231976 0.08927643682483571 0.12369902021711225 1.2435503485421772E-4 
1.0 0.8185660640639062 0.056316417691721805 0.12510426407229605 1.3254172076153953E-5 
1.0 0.8207515276835533 0.06114372798863076 0.11808750986437239 1.7234463443593602E-5 
1.0 0.7820205120315931 0.09076186870759427 0.12699376841204504 2.238508487675467E-4 
1.0 0.783155985696321 0.10113134620776501 0.11533555079031033 3.77117305603256E-4 
1.0 0.7819058641586973 0.10256602399566217 0.11512477161449625 4.0334023114423317E-4 
1.0 0.7862067906264485 0.09906330779671263 0.11434920496767653 3.8069660916228705E-4 
1.0 0.7791854368303285 0.10043816139804733 0.11993140571629744 4.449960553265744E-4 
1.0 0.7873110318465948 0.09781104060778181 0.11451960025807967 3.583272875438114E-4 
1.0 0.7880812382322308 0.09694099080062243 0.11463444522515916 3.433257419873221E-4 
1.0 0.7807766256338013 0.09860826332177365 0.12020602620750616 4.090848369188345E-4 
1.0 0.7873368672164589 0.09310379397668544 0.11930482558062717 2.5451322622869663E-4 
1.0 0.8124269826331837 0.0750358304837954 0.11248124474702213 5.594213599868883E-5 
1.0 0.8167839984573104 0.0654880374090787 0.11769768101856748 3.028311504338354E-5 
1.0 0.8152387934538132 0.06764151458329658 0.11707800602362124 4.1685939269399934E-5 
1.0 0.7456693277196464 0.1201867936460831 0.13386467758537 2.7920104890020113E-4 
1.0 0.44152411365999894 0.33310786633923317 0.2248056587133019 5.623612874661066E-4 
2.0 0.20650259022818704 0.5832046369630859 0.21027771641052775 1.5056398199060759E-5 
2.0 0.3802826077913713 0.4020512269291396 0.21157793791159216 0.006088227367897067 
2.0 0.3236402504815608 0.4387406709168503 0.2296484166615121 0.007970661940076854 
2.0 0.14971455352798915 0.5766900069418275 0.27231851230756227 0.0012769272226210327 
1.0 0.5673904132026055 0.1858257836214531 0.24676117245763451 2.2630718306750948E-5 
1.0 0.40447887584433656 0.3444067386563459 0.24591167040773887 0.005202715091578622 
4.0 0.06417407001043672 0.10322935430123546 0.8301052275733711 0.002491348114956375 
4.0 0.022588005322207286 0.4185151139968874 0.5586159795954659 2.8090108543915446E-4 
2.0 0.08741580076565288 0.7095722671066189 0.20251802364246585 4.939084852626675E-4 
2.0 0.11900090582359206 0.684658963934797 0.19625250458726584 8.762565434489057E-5 
1.0 0.4465052917463054 0.3752835126679083 0.1758863825748824 0.002324813010903864 
1.0 0.6555008248836647 0.1611382008672543 0.18173169376026327 0.0016292804888177906 
1.0 0.5705702694480388 0.20090031606936712 0.22496931236221915 0.0035601021203749174 
2.0 0.28959551715759796 0.4290722479740042 0.27812746310456965 0.0032047717638281157 
4.0 0.047063836515769994 0.09069271614056663 0.8615104693577843 7.329779858792123E-4 
4.0 0.07609420324149602 0.001047020384521663 0.914696834901641 0.008161941472341231 
4.0 0.002046056865303214 0.0014194372888698848 0.9895837236613991 0.006950782184427735 
2.0 4.5625229747245337E-7 0.795767099437761 0.20422755947340243 4.884836539321388E-6 
2.0 4.657341491651237E-5 0.5400186270228491 0.45990932745065244 2.547211158210044E-5 
