labels 1 2 4 5
1.0 0.7325199564861912 0.15945526734827378 0.10684031372951437 0.0011844624360207565 
1.0 0.7738598364783172 0.12089242469617012 0.10333430557562699 0.0019134332498858268 
1.0 0.7691563976100498 0.12539761190687215 0.10362757743804549 0.001818413045032615 
1.0 0.7387921889023232 0.15440359439878654 0.10542615869783639 0.0013780580010539798 
1.0 0.6994226982453172 0.19377625227784506 0.10544079431683313 0.0013602551600044503 
1.0 0.8375829477103569 0.0597384653755106 0.0995974115166616 0.003081175397471254 
1.0 0.8306292618278905 0.06591993710009515 0.10045622173113863 0.0029945793408756114 
1.0 0.8267968637851686 0.06859096925274223 0.10145220518893767 0.0031599617731516956 
1.0 0.8409024545626841 0.05643702350766636 0.09949525387120732 0.0031652680584420994 
1.0 0.8314521790352322 0.06554579256673435 0.1000450534042733 0.0029569749937602406 
1.0 0.8259706503916499 0.07072610611531717 0.10043373663284953 0.0028695068601835706 
1.0 0.7341747856608843 0.15833463034816667 0.10614000083934746 0.001350583151601771 
1.0 0.7356021658068576 0.1563867230607924 0.10688620792080006 0.0011249032115500147 
1.0 0.7687760723418979 0.12576096926937494 0.10365232243816934 0.0018106359505579348 
1.0 0.7574376702670833 0.13629267811527887 0.10462094642524854 0.0016487051923894267 
1.0 0.7420374255600867 0.1508379024129068 0.10570918136327583 0.001415490663730341 
1.0 0.7706591878277926 0.12370114904483893 0.10364946887209801 0.001990194255270591 
1.0 0.8059538885858771 0.08951506569262753 0.10195188076234032 0.0025791649591548702 
1.0 0.8037588844471032 0.09203063071318172 0.10172701696347806 0.0024834678762371085 
1.0 0.7180045068309968 0.1741822267697308 0.10665198932488897 0.0011612770743833773 
1.0 0.723882533924452 0.16769990820279745 0.1072985008518465 0.0011190570209040388 
1.0 0.7681151096917204 0.12639206394197308 0.10369574344731612 0.0017970829189905351 
1.0 0.756691072827528 0.13719361116222734 0.10456298784332145 0.001552328166923038 
1.0 0.729546933395428 0.1618885783831947 0.10748045322707614 0.0010840349943012097 
1.0 0.7426081587497969 0.1503912674959436 0.10547954618803737 0.0015210275662222179 
1.0 0.8145805490172342 0.08160600162955262 0.10113674239771099 0.002676706955502272 
1.0 0.7912441854252799 0.10412809127946274 0.10237672324159523 0.002251000053662342 
1.0 0.7388574052389368 0.15370533553624163 0.10620091818766493 0.001236341037156205 
1.0 0.7381974384499651 0.15438228750967672 0.10609126831339331 0.0013290057269651015 
1.0 0.7836833773555942 0.11143339534049823 0.10277680687932317 0.0021064204245842886 
1.0 0.7502311850392747 0.14313071714859651 0.10505062395348697 0.0015874738586418823 
1.0 0.7758380010788538 0.11850011622332875 0.10357821155710963 0.002083671140707674 
1.0 0.8184036854291517 0.07753653504387459 0.10126372380973574 0.0027960557172378273 
1.0 0.8106425948033623 0.08539254697085898 0.10135750963288054 0.0026073485928983127 
1.0 0.724070202312003 0.1685911972345223 0.10613910807007301 0.0011994923834015073 
1.0 0.71602658459102 0.17565738266419129 0.10721865302834412 0.0010973797164446821 
1.0 0.7671485213912513 0.1271113346869809 0.1038190245177336 0.0019211194040343318 
1.0 0.7265830692475913 0.16588254322815751 0.10622719910422888 0.0013071884200221465 
1.0 0.764210163435712 0.13000557072121102 0.10384771256738526 0.0019365532756916667 
1.0 0.817057755111299 0.07891361587184006 0.10121963332461761 0.002808995692243337 
1.0 0.8168713554281862 0.07900466563594823 0.10135394777183357 0.0027700311640320927 
1.0 0.8252232448110562 0.07159080853016304 0.10033391263838316 0.0028520340203977 
1.0 0.8133443319011627 0.0819260545501512 0.10185122539582642 0.002878388152859304 
1.0 0.5635674477172463 0.31464305128345765 0.12174203573446353 4.746526483256858E-5 
2.0 0.16546100321617446 0.6515302226821852 0.17573795054912908 0.0072708235525112104 
1.0 0.8067973600574442 0.026929800793169256 0.16532518725315548 9.476518962309777E-4 
1.0 0.7573245386560946 0.0036167960332627682 0.23656499924150412 0.0024936660691383165 
1.0 0.8443674820865503 0.009842551101192152 0.14483782551688182 9.52141295375838E-4 
1.0 0.860344500723547 0.022032209094606788 0.11689360694165463 7.296832401916611E-4 
1.0 0.865730576231125 0.021090705882050247 0.11249322835979211 6.854895270328384E-4 
1.0 0.8476373449790662 0.01860978930550849 0.1331125458357337 6.403198796916228E-4 
1.0 0.7829743372794508 0.0071358681203173655 0.20806250747847127 0.0018272871217604196 
1.0 0.7302947988776151 0.004031391655342175 0.2630573742614218 0.0026164352056210756 
1.0 0.8433030404054472 0.014489638579516203 0.1415038718078857 7.034492071509804E-4 
1.0 0.8593278293057524 0.018165131357061208 0.12191960820029904 5.87431136887182E-4 
1.0 0.8592678681740326 0.02370639661582495 0.1162083150673433 8.17420142799419E-4 
1.0 0.8345369436317089 0.05443737182210616 0.10990699066560072 0.0011186938805839068 
1.0 0.8593537049485518 0.03025349960483171 0.10931383527795145 0.0010789601686649907 
1.0 0.8587415660145191 0.030940541732508424 0.10922614659065923 0.0010917456623129936 
1.0 0.8419078756907279 0.04913765405363227 0.10777420396620391 0.0011802662894359849 
1.0 0.819117699148995 0.07055333672066305 0.10925420132096884 0.0010747628093731108 
1.0 0.8250138761124475 0.06531007775238667 0.10853929641075848 0.0011367497244073297 
1.0 0.8396787944829676 0.05137723803894555 0.10776649802095285 0.0011774694571340609 
1.0 0.8493705237801096 0.04080660937492383 0.10864713380564252 0.0011757330393239965 
1.0 0.8542540937782708 0.03657858200133974 0.10801324848117584 0.0011540757392133568 
1.0 0.847644887567246 0.042566409961402304 0.10860894235641409 0.0011797601149376843 
1.0 0.8308290913477743 0.059489562505308534 0.10852420293810633 0.0011571432088110516 
1.0 0.7826096485015999 0.10801941222283486 0.1084061442725754 9.647950029898025E-4 
1.0 0.7911476963307624 0.0970571717959861 0.11087748703464956 9.176448386022331E-4 
1.0 0.8530208130725596 0.03630846982522504 0.10952987876173804 0.00114083834047758 
1.0 0.8531355768668663 0.03692819602585564 0.10877794806809943 0.0011582790391788573 
1.0 0.782870090361155 0.10693843746898676 0.10925457835318868 9.368938166695674E-4 
1.0 0.7502628325066929 0.14367084400833594 0.10496752355066001 0.001098799934311038 
1.0 0.7622423050569979 0.12803348728358074 0.10885615613159066 8.680515278305466E-4 
1.0 0.8469165911025951 0.04179801620242833 0.11012103466828352 0.0011643580266932293 
1.0 0.7836855505230935 0.102960477097973 0.11251148100357461 8.424913753586942E-4 
1.0 0.7321272403533297 0.15934733542495425 0.10752091403403623 0.001004510187680018 
1.0 0.7974060615754803 0.08988269993103093 0.11166259074262083 0.0010486477508677202 
1.0 0.8612516000429887 0.025852370999632907 0.11195590662963298 9.401223277451779E-4 
1.0 0.8647902389864941 0.024158621542699616 0.11018387973118075 8.672597396254683E-4 
1.0 0.8619198168790109 0.028216154775904317 0.10883361526214264 0.001030413082942484 
1.0 0.8653444461640941 0.02289019985008112 0.11097220847953859 7.931455062863244E-4 
1.0 0.8561128081392921 0.032170883988788715 0.11062094799925663 0.0010953598726623852 
1.0 0.7907735694016012 0.09815421554577333 0.11002624647811532 0.0010459685745104952 
1.0 0.8207751327557525 0.06640875979168077 0.11166795729873508 0.0011481501538314052 
1.0 0.8603770456133254 0.02593191304926046 0.1127513369222534 9.397044151609643E-4 
1.0 0.8643587170564436 0.023283782267455092 0.11154400981487378 8.134908612274075E-4 
1.0 0.862843332749249 0.027070083084772774 0.10909124500992046 9.953391560580868E-4 
1.0 0.8597038424318852 0.028664221563040534 0.11056837856520735 0.0010635574398666825 
1.0 0.8628075342237367 0.02597938995549365 0.11025935984803954 9.537159727300037E-4 
1.0 0.8428380320911106 0.045171634968958194 0.11083141289260487 0.001158920047326447 
1.0 0.7570736437762895 0.13086617821449742 0.11120291930118169 8.572587080314137E-4 
1.0 0.83806654879807 0.05077921655934071 0.11000495587702243 0.001149278765566864 
1.0 0.8589311399252427 0.0298527476641471 0.11014973346454825 0.0010663789460619091 
1.0 0.8539126312100704 0.03693297728384644 0.10799797111985243 0.0011564203862308045 
1.0 0.8592055830288683 0.03042077927738592 0.10929142661863636 0.0010822110751095978 
1.0 0.8050881735602424 0.08302944372282277 0.11089069872753121 9.916839894037472E-4 
1.0 0.7499172823871878 0.13739639499063358 0.11186871078786323 8.176118343154105E-4 
1.0 0.8571856642476636 0.03024207832872805 0.11152312129966026 0.0010491361239479782 
1.0 0.8655286310951238 0.0222760983841449 0.11143981254187757 7.554579788535356E-4 
1.0 0.8639970772485889 0.025482661119972185 0.10958700427250757 9.332573589311287E-4 
1.0 0.8651275594247068 0.02345070243754641 0.1105948577875715 8.268803501754536E-4 
1.0 0.8625282019648656 0.026438674462626426 0.110064624390368 9.684991821400203E-4 
1.0 0.8011589380276802 0.08609571422705702 0.11169328580513802 0.0010520619401247714 
1.0 0.8389615182679944 0.04656648241483253 0.11328047061402399 0.0011915287031492477 
1.0 0.8616817145803609 0.022062133791223616 0.11551944717774727 7.367044506682032E-4 
1.0 0.8607111260921655 0.024716946222577307 0.11367415035243918 8.977773328178313E-4 
1.0 0.8617181972516467 0.024498922382283458 0.11289531476608768 8.875655999821229E-4 
1.0 0.8601787574378397 0.023985356360852462 0.11498434358402024 8.515426172874744E-4 
1.0 0.8167138429420866 0.06904834697966938 0.11314140275125541 0.0010964073269883207 
1.0 0.8162988469599122 0.0701470614683336 0.11243771480110255 0.0011163767706518005 
1.0 0.856888092210401 0.030111255564527248 0.11190997635035543 0.0010906758747164455 
1.0 0.8577848510845582 0.03285769788159098 0.10823859794081679 0.001118853093033823 
1.0 0.8620581239460599 0.028048963665461328 0.10886718157731758 0.0010257308111612624 
1.0 0.773860081255387 0.10022813389662094 0.12526159549835728 6.501893496347193E-4 
2.0 0.16727281297018726 0.6607678710498122 0.16573622804652524 0.006223087933475259 
2.0 0.21873108881614584 0.5331761269416972 0.23389729254360234 0.014195491698554526 
2.0 0.14809694412876884 0.6270260124442386 0.21237770406157502 0.012499339365417429 
2.0 0.2913845909614012 0.4955526111947166 0.20464525830510205 0.008417539538780374 
1.0 0.6235613208401023 0.01805016892807353 0.3558858208360734 0.0025026893957508394 
4.0 0.340055598289944 0.0035480556126220933 0.6501471754827665 0.006249170614667363 
1.0 0.7582685572067281 0.0175659376329402 0.22288573004516604 0.0012797751151656187 
1.0 0.8057631842303417 0.060891175772915404 0.13232997822709028 0.001015661769652903 
1.0 0.8510017075828619 0.02979791933695202 0.11810523270240185 0.0010951403777839065 
1.0 0.8164652189703873 0.015608687909968161 0.16705257473883903 8.735183808052946E-4 
1.0 0.7602678851076278 0.01154635133532747 0.22653445433948063 0.001651309217564301 
1.0 0.6495303363584887 0.011071526053212299 0.3367361549377737 0.0026619826505250256 
2.0 0.06922249590191211 0.7581051853303232 0.16570259616272337 0.006969722605041492 
1.0 0.6534233174114026 0.22769851902729651 0.1186991210067551 1.790425545458265E-4 
1.0 0.7991482218541716 0.08514564524823355 0.11473257781743462 9.735550801601571E-4 
1.0 0.8026384220762895 0.08537920928977143 0.1108904397076827 0.0010919289262562362 
1.0 0.7658424941158918 0.12282175786695086 0.11038949078250679 9.462572346503326E-4 
1.0 0.6113788396617444 0.2704944961791295 0.11802107697593624 1.0558718318963045E-4 
1.0 0.7685729260121457 0.11344052421520692 0.11727010752677071 7.164422458768103E-4 
1.0 0.8418806468836255 0.04592295624451801 0.11098069038127255 0.0012157064905840467 
1.0 0.8089812030843133 0.0797666877232412 0.11012900978328516 0.0011230994091604152 
1.0 0.7887419381813663 0.0994188265757102 0.11082643963468385 0.0010127956082397385 
1.0 0.7647947206470165 0.11959298141362475 0.1148737467421136 7.385511972453759E-4 
2.0 0.0824003449013162 0.7040355788340849 0.20244368778899569 0.011120388475603059 
2.0 0.08720646954884188 0.6578040457500665 0.2408113205729271 0.014178164128164883 
1.0 0.7948111304931992 0.06489849247809311 0.1394377533899918 8.526236387158858E-4 
1.0 0.8537394031931029 0.026740962891671625 0.11855605031581726 9.6358359940855E-4 
1.0 0.8568770363135623 0.02426443869685983 0.11800888458124766 8.496404083302156E-4 
1.0 0.8570024196343695 0.027123455740876032 0.11488936178605408 9.847628387003255E-4 
1.0 0.7554575749614583 0.12564983912872132 0.11824708049627818 6.455054135422813E-4 
1.0 0.662912980337453 0.22582171145989943 0.11070983238300534 5.554758196420992E-4 
1.0 0.6876730795207762 0.20442027327465123 0.10671805201619104 0.0011885951883813882 
1.0 0.7801219535941918 0.11190786996873382 0.10525241109418872 0.0027177653428858773 
1.0 0.810478348554518 0.08234967715553304 0.10407461220737675 0.003097362082572343 
1.0 0.790165450742728 0.10201899618999329 0.10508353794038754 0.002732015126890984 
1.0 0.7875615899868695 0.10496994426282423 0.10483522953184196 0.0026332362184643995 
1.0 0.7573493193293916 0.13368633253822998 0.10654992218659434 0.0024144259457842382 
1.0 0.4978846101115042 0.3738459721123097 0.12803831655255668 2.3110122362953464E-4 
1.0 0.8157489289214361 0.05798629056803531 0.12524362880290196 0.0010211517076267249 
1.0 0.4390170554538276 0.3922709561469516 0.16634598203123763 0.0023660063679833473 
2.0 0.24752055603233483 0.6289859355196165 0.12221994236684845 0.001273566081199898 
1.0 0.6716802774435455 0.2168989889857742 0.11085228799973536 5.684455709448422E-4 
1.0 0.8403660856915528 0.045220914251785524 0.11322990360977042 0.0011830964468914397 
1.0 0.8599398564154064 0.02606177186742197 0.1130314994669272 9.668722502445584E-4 
1.0 0.859848256285328 0.026202977138121114 0.11297542389064986 9.733426859010958E-4 
1.0 0.8612727406136567 0.023324443413342107 0.11458823985075144 8.145761222497206E-4 
1.0 0.8616862052519952 0.020854559241479907 0.11678737803335246 6.718574731719867E-4 
1.0 0.8600554058602825 0.024380490978216894 0.1146910938698528 8.730092916474044E-4 
1.0 0.8519508862803529 0.03481824814206731 0.112081022566671 0.0011498430109085943 
1.0 0.8385669147926962 0.04850556920322587 0.11172202599745894 0.0012054900066186297 
1.0 0.8021690397376973 0.08288874737583862 0.11395219012772406 9.900227587400206E-4 
1.0 0.7911105030237425 0.09243415981691268 0.11555610512200867 8.992320373365851E-4 
1.0 0.6142942638161076 0.26460937437174564 0.12100886491443395 8.749689771269401E-5 
1.0 0.6565092005771631 0.2303875719501676 0.11270948196954468 3.937455031246146E-4 
1.0 0.5829891761656347 0.30313252447952016 0.11370586661638744 1.7243273845750527E-4 
1.0 0.5735458175683985 0.3140399141414259 0.11219847478895272 2.1579350122275854E-4 
2.0 0.35789099542378144 0.517454677463147 0.12404129871963376 6.130283934376755E-4 
2.0 0.4336236865786015 0.45756247185893295 0.10873341221774042 8.042934472523977E-5 
1.0 0.8262925044907555 0.06960315743927271 0.10106132205536393 0.003043016014607493 
1.0 0.8318991572141854 0.06346366351477448 0.10139014956253856 0.0032470297085016755 
1.0 0.7728096372730677 0.11873404604659876 0.10569397918516975 0.0027623374951638428 
1.0 0.7877392695083313 0.10426540940754399 0.10499265553876773 0.0030026655453569305 
1.0 0.7901909668136015 0.1025466976720047 0.10436892881993891 0.0028934066944551738 
1.0 0.664175671355899 0.22623382250161406 0.10869253787786601 8.979682646206677E-4 
1.0 0.6965742116596879 0.1897741897708914 0.11313405549571846 5.175430737021729E-4 
1.0 0.6854960434972321 0.20017222141416244 0.11388640731029881 4.453277783064601E-4 
1.0 0.6972463036025557 0.18025595047453588 0.12222112793732658 2.7661798558193106E-4 
1.0 0.8376311097345629 0.0448832632532772 0.11633728593753674 0.0011483410746235042 
1.0 0.8472109516196046 0.02726033210564184 0.12457101566731511 9.577006074382331E-4 
1.0 0.8383608568279378 0.014242006376671657 0.14664813289432804 7.490039010622697E-4 
1.0 0.7554831685078116 0.11298473542206133 0.13105346166069068 4.786344094362905E-4 
1.0 0.7392576695143723 0.1472802921379913 0.1127782184102902 6.8381993734626E-4 
1.0 0.8487411766669404 0.03724335339497216 0.11282873883897887 0.0011867310991087287 
1.0 0.8614455078817186 0.022933199166363667 0.1148316880124692 7.896049394487095E-4 
1.0 0.8618820969437546 0.024146947744462733 0.11310389273575726 8.670625760252801E-4 
1.0 0.8629994811679068 0.023639234492808768 0.11252249184192567 8.387924973587054E-4 
1.0 0.8625204161006326 0.021891848879515983 0.11485893757687073 7.287974429807618E-4 
1.0 0.8604339750021298 0.02320960182856147 0.11555190035206105 8.04522817247809E-4 
1.0 0.8564119087541833 0.02965422726734107 0.11284721261724316 0.001086651361232207 
1.0 0.8579128358216364 0.02980680599653638 0.11118632945263952 0.0010940287291877964 
1.0 0.8600328531656429 0.02717435454670884 0.11177835751074729 0.0010144347769007135 
1.0 0.8607507780353447 0.02057772779334777 0.11801236225885563 6.591319124518501E-4 
1.0 0.8597012471023162 0.016935125283320394 0.12279227035235593 5.713572620074426E-4 
1.0 0.8625854350469657 0.020808826295228837 0.11593595974426517 6.697789135401807E-4 
1.0 0.8625616041476172 0.021484451989359235 0.11524850119970949 7.054426633141196E-4 
1.0 0.8626544615040764 0.02067930149068041 0.11600293852661152 6.63298478631597E-4 
1.0 0.840600745336276 0.0238917693881736 0.13469787492184118 8.096103537092276E-4 
1.0 0.838894246257394 0.028804177446503338 0.13131538072739754 9.86195568705256E-4 
1.0 0.7628415249587509 0.11181127383179727 0.1247957493835029 5.514518259491052E-4 
1.0 0.8472832755064436 0.03959124884860185 0.11192913682780341 0.0011963388171513448 
1.0 0.8606605011830611 0.022030250654435264 0.11657528368971522 7.339644727883801E-4 
1.0 0.8625725823712986 0.021316724283431693 0.11541449028051134 6.962030647582897E-4 
1.0 0.8625689899699028 0.021377642774525137 0.11535383588059502 6.995313749771539E-4 
1.0 0.8614662125258645 0.019003080535834892 0.11893040988051432 6.00297057786324E-4 
1.0 0.8604148159795436 0.023278337780007492 0.11549812172005798 8.087245203910079E-4 
1.0 0.8582383936391804 0.02722691259232343 0.11351902472919524 0.0010156690393008485 
1.0 0.8603749397915029 0.01849488793904195 0.12053979192648485 5.903803429702769E-4 
1.0 0.8608922949819157 0.017334140958621826 0.12120418509479415 5.693789646682848E-4 
1.0 0.862466132138573 0.019394501658712246 0.1175288443927252 6.105218099895708E-4 
1.0 0.8610411859305919 0.015948302817330017 0.12244725900766608 5.63252244411733E-4 
1.0 0.8606289294861492 0.018559068527037464 0.12022093243723972 5.910695495737466E-4 
1.0 0.8444112201726751 0.024328586010729753 0.1304328504435453 8.27343373050106E-4 
1.0 0.8486174637622048 0.014883486725889216 0.13584486057706066 6.541889348451822E-4 
1.0 0.830606423962999 0.0391705189353476 0.12916303680245836 0.001060020299195167 
1.0 0.8557012717662851 0.03045508801031402 0.1127380232159228 0.001105617007478075 
1.0 0.8603298541023168 0.018354684635140634 0.12072794084123192 5.875204213106393E-4 
1.0 0.8605833589012624 0.016647264588712442 0.12220352275557733 5.658537544477223E-4 
1.0 0.8613453617626362 0.018963444244777083 0.11909172662647904 5.994673661077668E-4 
1.0 0.8611434271580704 0.01598664884194951 0.1223072883215573 5.626356784225837E-4 
1.0 0.8599285254722138 0.019980227573366052 0.11945578949851972 6.354574559005924E-4 
1.0 0.8576200202272596 0.029383641170673314 0.11192778686710617 0.0010685517349607605 
1.0 0.8576298246012113 0.0301359690298616 0.1111325358437551 0.0011016705251719516 
1.0 0.8587924339856512 0.026745029799821057 0.11347714823201162 9.85387982516556E-4 
1.0 0.8452534570532447 0.02286306835475053 0.13111716032477283 7.663142672316745E-4 
1.0 0.8278676018472102 0.009392867167391319 0.16157748920086829 0.0011620417845303462 
1.0 0.8345446495902946 0.03340048247097317 0.13100366024171103 0.0010512076970212868 
1.0 0.8456817073401052 0.03660206586075692 0.11658749253383136 0.0011287342653066095 
1.0 0.8592280414246593 0.02093924760657152 0.11915695852624887 6.757524425201801E-4 
1.0 0.8616477769080696 0.020136835088934397 0.11757577858877184 6.396094142242118E-4 
1.0 0.8625358785922117 0.019909799351953614 0.11692480181199368 6.295202438411731E-4 
1.0 0.8616865731582034 0.02103818505377105 0.11659428270833662 6.809590796889992E-4 
1.0 0.8519834370604019 0.03387338964295371 0.11299382646360756 0.0011493468330367356 
1.0 0.8394192760846811 0.04914039466475509 0.11021604860243595 0.0012242806481279215 
1.0 0.859724693117457 0.02342934927623016 0.11603367756812999 8.122800381826363E-4 
1.0 0.8615334267683266 0.01932571563922607 0.11853086656087286 6.099910315746987E-4 
1.0 0.8625381748753753 0.021269463789381462 0.11549872732160245 6.936340136409496E-4 
1.0 0.8613557717636208 0.018571718709125225 0.11948329732607921 5.892122011745916E-4 
1.0 0.8599958796771352 0.02442695479074421 0.11469973957099454 8.77425961125996E-4 
1.0 0.8238621857593553 0.06401943748755454 0.11093271225935561 0.0011856644937343391 
1.0 0.8547236552845835 0.030613291176700013 0.11355281312257631 0.001110240416140336 
1.0 0.8607040549406088 0.020722580113551242 0.11790752443375714 6.658405120828236E-4 
1.0 0.862550008366589 0.021622214970616522 0.11511457354480975 7.132031179847373E-4 
1.0 0.8612659606256362 0.0232282242769612 0.11469722671760897 8.085883797939812E-4 
1.0 0.8565370148097714 0.0277531732780496 0.11469937364771772 0.0010104382644614204 
1.0 0.6765696635738666 0.204058577899497 0.11913413821738943 2.3762030924716235E-4 
1.0 0.682336926836877 0.20363835858820337 0.11357553192882647 4.4918264609304594E-4 
2.0 0.3927104631688901 0.4635643985341999 0.14222327801804607 0.001501860278863698 
2.0 0.07981177202494032 0.7270570379205249 0.18405266892227867 0.009078521132256127 
1.0 0.7396705551040438 0.014694996426732174 0.24401959760844594 0.0016148508607778886 
2.0 0.14130135608250924 0.4871343166386189 0.344446527193406 0.027117800085465993 
2.0 0.11518768917207134 0.6876172450046403 0.1873407497694826 0.009854316053805637 
1.0 0.5637626728589306 0.30260836568282584 0.13342081560957933 2.0814584866417297E-4 
1.0 0.8583327157503311 0.02884135067172383 0.11180083970991231 0.0010250938680324542 
1.0 0.8555665853729206 0.03442115532091063 0.10888129683141008 0.0011309624747585447 
1.0 0.8554039315186722 0.03459328314139271 0.1088701989886588 0.00113258635127636 
1.0 0.8334574782434121 0.04458302924422188 0.12091171881286852 0.0010477736994973727 
2.0 0.18027635284636642 0.6297189183606634 0.18187650389445129 0.008128224898518879 
2.0 0.2686892232892474 0.5666823012472569 0.1601334092950085 0.004495066168487183 
1.0 0.8570170332565465 0.02640312459781058 0.11564746330982584 9.32378835816832E-4 
1.0 0.8625449348626032 0.02513357669544255 0.11140979666203123 9.116917799227533E-4 
1.0 0.8412009487461944 0.04984835396843955 0.10777116765749095 0.001179529627875239 
1.0 0.860820290541511 0.02757944338272988 0.11059253216109068 0.0010077339146680742 
1.0 0.6832175851390743 0.18245794778149424 0.13421484858808755 1.0961849134410937E-4 
2.0 0.1350510837880073 0.7095161315750063 0.1501842889580203 0.005248495678966285 
1.0 0.4550652842743705 0.395811161601797 0.1476908032996684 0.0014327508241641636 
1.0 0.8592195329357489 0.018220255539951654 0.12197141874310381 5.887927811957958E-4 
1.0 0.8604348656899119 0.021442739075854787 0.11742343498109924 6.989602531340086E-4 
1.0 0.8435852180628106 0.04744938439187234 0.10778401475871535 0.001181382786601534 
1.0 0.8438989228771288 0.04636277907238453 0.10855567703666716 0.0011826210138197557 
1.0 0.8588051978571108 0.03091630548126692 0.10919320034930965 0.0010852963123125494 
1.0 0.8613850874116195 0.01886459179677559 0.11915377864149018 5.965421501147915E-4 
1.0 0.8276785546842088 0.03620638731622913 0.1351252572595404 9.898007400216716E-4 
2.0 0.18115714769366334 0.6610852215789463 0.15285936279888304 0.004898267928507575 
1.0 0.7907851560977378 0.09139908292442414 0.11703156141201287 7.84199565825466E-4 
1.0 0.8592730059920837 0.028687960422981953 0.11101363258438919 0.0010254010005456028 
1.0 0.8348345153888426 0.054747697605699315 0.10925806145706275 0.0011597255483952414 
1.0 0.8119507425083569 0.07914993599727602 0.10781348079190187 0.0010858407024656198 
1.0 0.8149376373451196 0.0761534765398153 0.10781105318491586 0.0010978329301491569 
1.0 0.8561130399189488 0.030517598057474598 0.1123136117841731 0.0010557502394033978 
1.0 0.8098986385217439 0.05953568615939871 0.12968799468253517 8.776806363220205E-4 
2.0 0.07469327461275618 0.7793681370431736 0.14085254112333068 0.0050860472207395055 
2.0 0.1650063824049988 0.6982625115565191 0.13345519008571347 0.0032759159527687184 
1.0 0.5613528332522015 0.3114075662153145 0.1271168384704841 1.2276206199995706E-4 
1.0 0.7793118450947707 0.10663358568034412 0.11330406220708995 7.505070177952404E-4 
1.0 0.6856641696473372 0.20301825677647445 0.11084431742706213 4.7325614912608894E-4 
1.0 0.8045088588512119 0.09272650366406654 0.10038430791959206 0.002380329565129749 
1.0 0.7727970268369834 0.12339334280487602 0.10188163457127504 0.0019279957868655415 
1.0 0.6700439522613423 0.21940396927966416 0.11007981111713278 4.722673418607995E-4 
1.0 0.6033608013012863 0.2846276242015091 0.11181499411664088 1.9658038056321822E-4 
2.0 0.09862265763209449 0.736902281721236 0.15793362052941678 0.006541440117252783 
2.0 0.19078575915745227 0.6446856184470277 0.15907332370795005 0.005455298687570087 
1.0 0.7607739162298259 0.116403732504125 0.12232832299145459 4.940282745941168E-4 
1.0 0.8610263175609187 0.023320153185614804 0.11485093703679725 8.025922166693815E-4 
1.0 0.8601793946533459 0.02644784920791723 0.11241921678810342 9.535393506335071E-4 
1.0 0.8455808149356157 0.04543633663509817 0.1078014728262972 0.0011813756029891358 
1.0 0.8556527512018236 0.034286899048461016 0.1089235344053754 0.0011368153443401538 
1.0 0.8634746721493701 0.02379619602840814 0.11189250094349927 8.366308787225464E-4 
1.0 0.8608839044742039 0.024118270455408833 0.11415523960269255 8.425854676946011E-4 
1.0 0.5943431017348676 0.2696768902364216 0.13578196378196183 1.9804424674887768E-4 
2.0 0.31734209534090957 0.5466647857762746 0.13429573294443606 0.0016973859383798689 
1.0 0.7247754531487857 0.15597067103092463 0.11888865007634848 3.652257439413302E-4 
1.0 0.8387988718736142 0.05080168816198468 0.10924063875062054 0.0011588012137805459 
1.0 0.8143879472745256 0.07597119244298135 0.10856084307083683 0.0010800172116561648 
1.0 0.8102913442496371 0.08081600199531173 0.10781350087952365 0.0010791528755273632 
1.0 0.8406793758309017 0.0489092409415483 0.10924928754777827 0.001162095679771822 
1.0 0.810392183421248 0.07494808679804749 0.11372275006936061 9.369797113439884E-4 
2.0 0.3350182420073759 0.5247588749252599 0.13839335887568147 0.0018295241916830044 
2.0 0.2689538209644135 0.6099893520963634 0.11990188937206181 0.0011549375671614896 
1.0 0.5692014965873764 0.3217046748923113 0.10888961929580815 2.04209224503864E-4 
1.0 0.7216928397805782 0.16881964646420747 0.10874391075357277 7.436030016418356E-4 
1.0 0.7360606779938489 0.15675194055674602 0.10619699223013934 9.903892192659647E-4 
1.0 0.7946526872924632 0.10261068032820536 0.1005930054335456 0.002143626945785928 
1.0 0.7913697222523912 0.10577306679955034 0.10077515576717531 0.0020820551808832855 
1.0 0.7331197098939288 0.16053243498077752 0.10520691646224137 0.0011409386630523875 
1.0 0.6391124275316228 0.24889522482616502 0.11171458825727645 2.7775938493575854E-4 
1.0 0.5656062408446904 0.3229772252630155 0.11128554442996574 1.309894623287223E-4 
1.0 0.5236995519985728 0.36405547742891814 0.1121836871832895 6.128338921940889E-5 
1.0 0.6897445853135352 0.19212498110398393 0.1178692047328295 2.612288496511997E-4 
1.0 0.7814683364494248 0.10597107901984809 0.11171313034903778 8.474541816893177E-4 
1.0 0.7445434884146808 0.14875273708480388 0.10564913990552242 0.0010546345949932765 
1.0 0.7510732084487457 0.14330692256839853 0.10444979605970678 0.0011700729231489864 
1.0 0.7483824709010977 0.1436388084068462 0.1070756713602842 9.030493317720662E-4 
1.0 0.7028564519309142 0.18441621177719436 0.11224448412708635 4.828521648053721E-4 
1.0 0.6455317897704427 0.24074195499933626 0.1134964529342525 2.2980229596831147E-4 
2.0 0.18494595174711792 0.6613313650296603 0.14925168179011145 0.0044710014331103 
2.0 0.1876824491361482 0.6311408031440116 0.17401263818639237 0.007164109533447644 
1.0 0.8551728226274005 0.029904908814366752 0.11389510890316616 0.0010271596550664396 
1.0 0.8594019449789257 0.02836008013338228 0.11121147455955406 0.001026500328138192 
1.0 0.825539075395886 0.06478446968443534 0.10853773606029538 0.0011387188593829853 
1.0 0.8579324695848541 0.03187898760578158 0.10908793302380487 0.001100609785559767 
1.0 0.8350696927270476 0.04801706107904101 0.11584927779929542 0.0010639683946160588 
2.0 0.3368012507855132 0.48967375896202897 0.16898466387468494 0.004540326377772653 
1.0 0.4831145044861558 0.36444624407108156 0.1510554560835368 0.0013837953592257082 
1.0 0.8386942060718628 0.04075580896976384 0.1194713531353281 0.0010786318230452193 
1.0 0.8582039358705228 0.027946846697321146 0.11284659007555171 0.0010026273566044915 
1.0 0.8339880002904788 0.05635860125907653 0.10849804779230392 0.001155350658140644 
1.0 0.8172103755087967 0.07387531701726466 0.10780744031944386 0.001106867154494929 
1.0 0.8494555266037626 0.03700758611024943 0.11242749819444181 0.0011093890915458739 
1.0 0.8480717939793916 0.028562587893417507 0.1224034683959921 9.621497311987948E-4 
1.0 0.4735671720608326 0.3797237879591935 0.14555112414214494 0.0011579158378288627 
2.0 0.3731789285309612 0.48857571131820704 0.13676241575872142 0.0014829443921103036 
1.0 0.8467225117685108 0.03326512617311468 0.1189731722833715 0.0010391897750031789 
1.0 0.8562913985346551 0.029483965543826745 0.1131973993191834 0.0010272366023346034 
1.0 0.8198045071737873 0.07054917236341453 0.10854305644020039 0.001103264022597919 
1.0 0.8336796351213959 0.05666744765252791 0.10849846099697288 0.0011544562291032996 
1.0 0.8579802606652848 0.02736057894679906 0.11368546272881218 9.736976591039732E-4 
1.0 0.8250924110005224 0.052604607406253286 0.12132314989113661 9.798317020878558E-4 
2.0 0.2400700869430411 0.5735226385674305 0.17936689594602848 0.007040378543499919 
2.0 0.38280534818261197 0.4509173823826077 0.16296786622871862 0.0033094032060617304 
1.0 0.7832504804097454 0.0878789448482811 0.128246496569219 6.240781727545244E-4 
1.0 0.8560844070409713 0.026485734759036646 0.11649409033230974 9.35767867682009E-4 
1.0 0.8402239187013635 0.04870845614787565 0.10992347440565989 0.0011441507451007138 
1.0 0.8055410319908658 0.08559155300033174 0.10780734699351124 0.0010600680152913734 
1.0 0.8209643424355169 0.06936323937816809 0.10855147620047739 0.0011209419858375104 
1.0 0.8471538959224667 0.04087288935211294 0.11082544447340892 0.0011477702520114933 
1.0 0.768026006616722 0.11710896976316991 0.11418299600879213 6.820276113159967E-4 
2.0 0.1589368069943436 0.6863027681090615 0.14985361658685126 0.0049068083097437275 
2.0 0.18357180967812706 0.667347102566927 0.1450384041282886 0.004042683626657168 
1.0 0.4519792236571028 0.43074458768096163 0.11711342858078669 1.6276008114915344E-4 
1.0 0.7329125106686478 0.15625224162341947 0.11018985093981828 6.453967681142398E-4 
1.0 0.7701625416323636 0.11988636021757632 0.10906081439772213 8.902837523381214E-4 
1.0 0.7507451252351834 0.1427766821732878 0.10543283746371682 0.0010453551278121619 
1.0 0.7511703915527592 0.14323799503928955 0.10441652879036285 0.0011750846175882627 
1.0 0.7518406664999404 0.14273121796098812 0.10422278336899014 0.0012053321700814747 
1.0 0.7419340109229506 0.14950550279146743 0.10769181195280732 8.686743327744415E-4 
1.0 0.6971694671409202 0.19204535313122742 0.11024631927453786 5.388604533146719E-4 
1.0 0.7138158464624795 0.17935338485550753 0.10591627506347318 9.144936185399126E-4 
2.0 0.26261484584162276 0.6005694542046129 0.13456613971655673 0.002249560237207871 
2.0 0.19527714787243758 0.6603357605542074 0.14085493676565974 0.0035321548076952362 
2.0 0.33092178153235186 0.5430658121813875 0.12498891737216586 0.0010234889140948622 
1.0 0.7325758205123151 0.15276023267286087 0.11413650767105084 5.274391437733697E-4 
1.0 0.7372585416482026 0.15087164022739719 0.11121591726991131 6.53900854489112E-4 
1.0 0.7605564876722694 0.13488999309494165 0.10301604701083746 0.0015374722219515496 
1.0 0.7555032024084999 0.13959304042479345 0.103478350992887 0.0014254061738195186 
1.0 0.7152876576479537 0.17361721024028404 0.11052873090484949 5.664012069128484E-4 
1.0 0.5412202772974474 0.33172578877744385 0.1268870455488338 1.6688837627478847E-4 
2.0 0.37492139516050915 0.48347229810394854 0.1399888220190191 0.0016174847165232047 
1.0 0.804651212973488 0.07604234241346607 0.1184507429504971 8.557016625490996E-4 
1.0 0.8576568691259723 0.029695740846992686 0.11160864326145079 0.0010387467655843328 
1.0 0.8335384361496724 0.05604730771552854 0.10925827664172766 0.0011559794930714141 
1.0 0.8082964687696592 0.08131721334255687 0.10933543365073373 0.0010508842370499489 
1.0 0.8578448102855747 0.030359497705459215 0.11073476332925904 0.0010609286797068683 
1.0 0.7793618842618585 0.10363850151188818 0.11630568140136104 6.939328248925842E-4 
1.0 0.5635173286223073 0.3119580864040256 0.12443585342942065 8.873154424628708E-5 
1.0 0.7885335848847597 0.08834264968274647 0.1224402951276659 6.834703048280461E-4 
1.0 0.8581167423509707 0.022583894458787883 0.11854674988536536 7.526133048758361E-4 
1.0 0.8632198617965118 0.021210213096959956 0.11488121385412225 6.887112524060929E-4 
1.0 0.856594319902456 0.03412628778633397 0.10814604257575602 0.0011333497354540961 
1.0 0.8529640478459425 0.037913936406958317 0.10795982377330221 0.0011621919737972056 
1.0 0.8612559639643685 0.022820420174872093 0.11514888023620468 7.747356245548178E-4 
1.0 0.8505938829369242 0.029735262689426206 0.11867802213962793 9.928322340219751E-4 
1.0 0.7144686727867983 0.16002722310073603 0.12528236465073123 2.2173946173445307E-4 
1.0 0.823255119219991 0.05595509212660773 0.11980412793129744 9.856607221037873E-4 
1.0 0.8554057698966125 0.028693528119661006 0.11490188618408587 9.988157996404584E-4 
1.0 0.8519888109771888 0.03655640621963985 0.11031015770940214 0.0011446250937691895 
1.0 0.7924746543227752 0.09878722575208068 0.10772781691795266 0.0010103030071913837 
1.0 0.808539778149774 0.08181734309727207 0.10857429024436578 0.0010685885085879663 
1.0 0.8596583754262304 0.02905459366691027 0.11024373315213237 0.0010432977547271715 
1.0 0.8474609871135013 0.039090633022954104 0.11233184378134774 0.0011165360821968745 
2.0 0.3645356565007116 0.47822523280885737 0.15442185508890222 0.002817255601528791 
2.0 0.12156018891334237 0.6704078819374083 0.19713814513859362 0.010893784010656061 
2.0 0.19914218829185398 0.6077147804670961 0.18489136095852815 0.008251670282521911 
1.0 0.8499504450392662 0.037338421419116315 0.11160297980972234 0.0011081537318949697 
1.0 0.8414681208494448 0.048850753405519934 0.10850998110858506 0.001171144636450054 
1.0 0.8124360690925 0.07866284951891202 0.10781328657536232 0.0010877948132257025 
1.0 0.8525271535819244 0.03682409555156703 0.10950464032983483 0.0011441105366736635 
1.0 0.8279907841643126 0.057261371443412847 0.11367620635806075 0.0010716380342139342 
1.0 0.7110727738693893 0.17162421905047665 0.11695504640360554 3.479606765284974E-4 
2.0 0.12298790280300152 0.7161343928552661 0.15495716837130208 0.00592053597043016 
2.0 0.09772955693160845 0.7133559861455583 0.17992382932092463 0.008990627601908533 
1.0 0.8231158586876788 0.046480895094304246 0.1293961634350075 0.001007082783009419 
1.0 0.8611769555299013 0.018891743185953207 0.11933346429262369 5.978369915217534E-4 
1.0 0.8609398311490254 0.023994389605434513 0.11422953368042808 8.362455651121809E-4 
1.0 0.8434029033763877 0.047633035665000587 0.10778275338302376 0.0011813075755879828 
1.0 0.8556310259302721 0.034352884548636546 0.10888578437012522 0.0011303051509660086 
1.0 0.8619785651348936 0.023056864406853908 0.11417423256402336 7.903378942288802E-4 
1.0 0.8462840635068987 0.03440486775145859 0.1182427421980342 0.0010683265436085773 
1.0 0.7443037770065659 0.14168745306891287 0.11342136622000414 5.874037045172263E-4 
1.0 0.8062387767121377 0.08488948521602532 0.10780888090939016 0.001062857162446655 
1.0 0.8067091751825941 0.0836561335374985 0.10857397912306793 0.0010607121568392954 
1.0 0.8426747493447097 0.04480197993414062 0.11139747584338201 0.0011257948777679031 
2.0 0.4120366653155415 0.41601763179332424 0.16862174824614287 0.0033239546449914427 
2.0 0.06074053816641466 0.7720833443317796 0.16016832249398463 0.007007795007821133 
2.0 0.039742652197877294 0.8575562117387175 0.10043452489504172 0.00226661116836347 
1.0 0.881732667243777 0.024406657607624786 0.09062375689266222 0.0032369182559361304 
1.0 0.8812707110155974 0.02472026009536509 0.0907763510393133 0.0032326778497241107 
1.0 0.8810401867654867 0.024841733022888522 0.0908809098392558 0.003237170372368621 
1.0 0.8755887238458703 0.02768858218748725 0.09335078270376285 0.0033719112628798936 
1.0 0.8567801343308639 0.04076832280716722 0.09886014073039111 0.0035914021315776095 
1.0 0.860484807513367 0.03830397688979234 0.09770410522019907 0.0035071103766414757 
1.0 0.8743152933649669 0.02861227817350057 0.09371468764266205 0.00335774081887024 
1.0 0.8734564561529039 0.029391695932289623 0.09381401690959455 0.0033378310052119167 
1.0 0.730095034389859 0.1609443156654253 0.10647933209883301 0.0024813178458827066 
1.0 0.6622335364761294 0.22903718398028788 0.10696967017381503 0.0017596093697676294 
1.0 0.8352557891563428 0.059360740747627455 0.10192524076667438 0.003458229329355441 
1.0 0.8703948614009963 0.031254529505482506 0.09496460300561069 0.0033860060879103743 
1.0 0.8709859330805755 0.031085744467642475 0.09457565459370808 0.0033526678580738218 
1.0 0.7024830043856419 0.18901407420506164 0.1066641230985684 0.0018387983107282456 
1.0 0.6491322148137473 0.24262740298873597 0.10710103013230958 0.0011393520652074154 
1.0 0.8378728860126984 0.05930371986805566 0.09972870278592036 0.0030946913333255717 
1.0 0.8321766746053962 0.0644416412590309 0.10036126639177935 0.003020417743793713 
1.0 0.8320785843520757 0.0645337120625686 0.10036877785493775 0.0030189257304177016 
1.0 0.7961257924646783 0.0988283124645933 0.10245549529269622 0.0025903997780324026 
1.0 0.8055768998741083 0.08851497060805288 0.10298179870577358 0.0029263308120653308 
1.0 0.8626857784027365 0.03732923017650659 0.09661412374622726 0.0033708676745300118 
1.0 0.8690756633380565 0.03245642278508543 0.09510889980154398 0.003359014075314152 
1.0 0.8692812076302362 0.032306560620425626 0.09505370040813833 0.0033585313411998905 
1.0 0.8683020876517931 0.032757770618512067 0.09554689963712631 0.0033932420925685863 
1.0 0.7775815120511164 0.11498248309455351 0.10470693682349182 0.002729068030838105 
1.0 0.6326334037464147 0.25865345755791835 0.10791515566611522 7.979830295515443E-4 
1.0 0.7585898055015243 0.1333197171214568 0.10609287632604913 0.001997601050969571 
1.0 0.7640722909607429 0.12813324860367076 0.10576024030691615 0.002034220128670171 
1.0 0.7767859294632169 0.11595354035716596 0.10504720455908217 0.002213325620535085 
1.0 0.7724687040443347 0.11978973083614367 0.10554888387039472 0.0021926812491271093 
1.0 0.6233712191142952 0.26742301233315824 0.10842927776047016 7.764907920764622E-4 
1.0 0.7596049608331557 0.13224202884046318 0.10561062258862115 0.002542387737759818 
1.0 0.8619432011853537 0.03746878410319702 0.09717172666812428 0.003416288043325131 
1.0 0.8680314944541604 0.033226144011512464 0.09538160287366076 0.0033607586606666205 
1.0 0.866576784084429 0.03432087022570994 0.09574103516846781 0.0033613105213929975 
1.0 0.8597332664462428 0.039211791937318226 0.09762873779057907 0.0034262038258599256 
1.0 0.8550670911204794 0.042517327448166393 0.09892479723485789 0.0034907841964962522 
1.0 0.8691118466270711 0.032134214791689666 0.09534788026469015 0.0034060583165491385 
1.0 0.8781418458383965 0.026456107320230578 0.09211581980469735 0.003286227036675789 
